8.85469e-14
2.37633e-12
1.62156e-11
6.31642e-11
1.80965e-10
4.26901e-10
8.80694e-10
1.64701e-09
2.85768e-09
4.67359e-09
7.28636e-09
1.09198e-08
1.58312e-08
2.23122e-08
3.06901e-08
4.13282e-08
5.46264e-08
7.10222e-08
9.09902e-08
1.15043e-07
1.43732e-07
1.77645e-07
2.17408e-07
2.63686e-07
3.17181e-07
3.78631e-07
4.48813e-07
5.28539e-07
6.18657e-07
7.20051e-07
8.3364e-07
9.60377e-07
1.10125e-06
1.25727e-06
1.4295e-06
1.61901e-06
1.82693e-06
2.05439e-06
2.30256e-06
2.57264e-06
2.86587e-06
3.18348e-06
3.52676e-06
3.89701e-06
4.29556e-06
4.72374e-06
5.18293e-06
5.67452e-06
6.1999e-06
6.76051e-06
7.35778e-06
7.99318e-06
8.66817e-06
9.38425e-06
1.01429e-05
1.09457e-05
1.1794e-05
1.26895e-05
1.36337e-05
1.46282e-05
1.56744e-05
1.6774e-05
1.79285e-05
1.91395e-05
2.04085e-05
2.17372e-05
2.31271e-05
2.45799e-05
2.60969e-05
2.76799e-05
2.93305e-05
3.10501e-05
3.28404e-05
3.47028e-05
3.66391e-05
3.86506e-05
4.0739e-05
4.29058e-05
4.51525e-05
4.74805e-05
4.98915e-05
5.2387e-05
5.49682e-05
5.76369e-05
6.03943e-05
6.3242e-05
6.61814e-05
6.92138e-05
7.23407e-05
7.55634e-05
7.88833e-05
8.23018e-05
8.58201e-05
8.94396e-05
9.31615e-05
9.69872e-05
0.000100918
0.000104955
0.000109099
0.000113352
0.000117714
0.000122188
0.000126773
0.000131471
0.000136284
0.000141212
0.000146256
0.000151417
0.000156697
0.000162095
0.000167614
0.000173253
0.000179015
0.000184899
0.000190906
0.000197038
0.000203295
0.000209677
0.000216186
0.000222822
0.000229586
0.000236479
0.0002435
0.000250651
0.000257933
0.000265345
0.000272888
0.000280563
0.00028837
0.000296309
0.000304382
0.000312587
0.000320926
0.000329399
0.000338006
0.000346748
0.000355624
0.000364635
0.00037378
0.000383061
0.000392477
0.000402028
0.000411715
0.000421537
0.000431494
0.000441586
0.000451814
0.000462177
0.000472674
0.000483307
0.000494075
0.000504977
0.000516013
0.000527184
0.000538488
0.000549926
0.000561497
0.000573201
0.000585037
0.000597006
0.000609106
0.000621338
0.0006337
0.000646193
0.000658816
0.000671568
0.000684449
0.000697458
0.000710595
0.000723858
0.000737248
0.000750764
0.000764405
0.00077817
0.000792059
0.00080607
0.000820204
0.000834459
0.000848834
0.000863329
0.000877943
0.000892675
0.000907524
0.00092249
0.000937571
0.000952766
0.000968075
0.000983496
0.000999029
0.00101467
0.00103042
0.00104629
0.00106225
0.00107833
0.00109451
0.0011108
0.00112718
0.00114367
0.00116027
0.00117696
0.00119375
0.00121063
0.00122762
0.0012447
0.00126187
0.00127914
0.00129649
0.00131394
0.00133148
0.0013491
0.00136682
0.00138461
0.0014025
0.00142046
0.00143851
0.00145663
0.00147484
0.00149312
0.00151148
0.00152991
0.00154842
0.001567
0.00158566
0.00160438
0.00162317
0.00164203
0.00166095
0.00167994
0.00169899
0.0017181
0.00173727
0.0017565
0.00177579
0.00179514
0.00181454
0.00183399
0.0018535
0.00187305
0.00189266
0.00191231
0.00193201
0.00195176
0.00197155
0.00199138
0.00201125
0.00203117
0.00205112
0.00207111
0.00209113
0.00211119
0.00213128
0.0021514
0.00217155
0.00219173
0.00221194
0.00223217
0.00225243
0.00227272
0.00229302
0.00231335
0.00233369
0.00235405
0.00237443
0.00239483
0.00241523
0.00243565
0.00245609
0.00247653
0.00249698
0.00251744
0.00253791
0.00255838
0.00257885
0.00259933
0.00261981
0.00264028
0.00266076
0.00268124
0.00270171
0.00272217
0.00274263
0.00276309
0.00278353
0.00280396
0.00282439
0.0028448
0.0028652
0.00288558
0.00290595
0.00292631
0.00294664
0.00296696
0.00298725
0.00300753
0.00302778
0.00304801
0.00306822
0.0030884
0.00310856
0.00312869
0.00314879
0.00316886
0.0031889
0.00320891
0.00322889
0.00324883
0.00326874
0.00328862
0.00330846
0.00332826
0.00334802
0.00336775
0.00338744
0.00340709
0.00342669
0.00344626
0.00346578
0.00348525
0.00350469
0.00352407
0.00354342
0.00356271
0.00358196
0.00360116
0.00362031
0.00363941
0.00365846
0.00367745
0.0036964
0.0037153
0.00373414
0.00375292
0.00377166
0.00379033
0.00380896
0.00382752
0.00384603
0.00386448
0.00388288
0.00390121
0.00391949
0.0039377
0.00395586
0.00397395
0.00399199
0.00400996
0.00402787
0.00404572
0.0040635
0.00408122
0.00409888
0.00411648
0.00413401
0.00415147
0.00416887
0.0041862
0.00420347
0.00422067
0.00423781
0.00425487
0.00427187
0.00428881
0.00430567
0.00432247
0.0043392
0.00435586
0.00437245
0.00438897
0.00440543
0.00442181
0.00443813
0.00445437
0.00447055
0.00448666
0.00450269
0.00451866
0.00453455
0.00455038
0.00456613
0.00458182
0.00459743
0.00461298
0.00462845
0.00464385
0.00465918
0.00467444
0.00468963
0.00470475
0.0047198
0.00473478
0.00474969
0.00476453
0.0047793
0.00479399
0.00480862
0.00482318
0.00483766
0.00485208
0.00486643
0.00488071
0.00489491
0.00490905
0.00492312
0.00493712
0.00495106
0.00496492
0.00497872
0.00499244
0.0050061
0.00501969
0.00503322
0.00504668
0.00506007
0.00507339
0.00508665
0.00509984
0.00511296
0.00512602
0.00513902
0.00515195
0.00516481
0.00517761
0.00519035
0.00520302
0.00521563
0.00522818
0.00524067
0.00525309
0.00526545
0.00527775
0.00528999
0.00530217
0.00531429
0.00532635
0.00533835
0.00535029
0.00536217
0.00537399
0.00538576
0.00539747
0.00540912
0.00542072
0.00543226
0.00544375
0.00545518
0.00546656
0.00547788
0.00548915
0.00550037
0.00551154
0.00552265
0.00553371
0.00554473
0.00555569
0.0055666
0.00557746
0.00558828
0.00559905
0.00560977
0.00562044
0.00563107
0.00564165
0.00565218
0.00566267
0.00567312
0.00568353
0.00569389
0.00570421
0.00571448
0.00572472
0.00573492
0.00574507
0.00575519
0.00576527
0.00577531
0.00578531
0.00579527
0.0058052
0.0058151
0.00582496
0.00583478
0.00584457
0.00585433
0.00586405
0.00587375
0.00588341
0.00589304
0.00590264
0.00591221
0.00592176
0.00593127
0.00594076
0.00595022
0.00595966
0.00596907
0.00597845
0.00598781
0.00599715
0.00600646
0.00601576
0.00602503
0.00603428
0.00604351
0.00605271
0.0060619
0.00607108
0.00608023
0.00608937
0.00609849
0.00610759
0.00611668
0.00612576
0.00613482
0.00614387
0.00615291
0.00616193
0.00617094
0.00617995
0.00618894
0.00619792
0.00620689
0.00621586
0.00622482
0.00623377
0.00624272
0.00625166
0.0062606
0.00626953
0.00627846
0.00628738
0.0062963
0.00630523
0.00631415
0.00632307
0.00633199
0.00634091
0.00634983
0.00635875
0.00636768
0.00637661
0.00638555
0.00639449
0.00640343
0.00641238
0.00642134
0.0064303
0.00643927
0.00644825
0.00645724
0.00646623
0.00647524
0.00648426
0.00649329
0.00650233
0.00651138
0.00652045
0.00652953
0.00653862
0.00654773
0.00655685
0.00656599
0.00657514
0.00658431
0.0065935
0.00660271
0.00661194
0.00662118
0.00663044
0.00663973
0.00664903
0.00665836
0.00666771
0.00667707
0.00668647
0.00669588
0.00670532
0.00671479
0.00672427
0.00673379
0.00674333
0.00675289
0.00676248
0.0067721
0.00678175
0.00679143
0.00680113
0.00681087
0.00682063
0.00683042
0.00684025
0.0068501
0.00685999
0.0068699
0.00687986
0.00688984
0.00689986
0.00690991
0.00691999
0.00693011
0.00694026
0.00695045
0.00696068
0.00697094
0.00698124
0.00699157
0.00700195
0.00701236
0.00702281
0.0070333
0.00704382
0.00705439
0.00706499
0.00707564
0.00708633
0.00709705
0.00710782
0.00711863
0.00712949
0.00714038
0.00715132
0.0071623
0.00717332
0.00718439
0.0071955
0.00720666
0.00721786
0.0072291
0.00724039
0.00725173
0.00726311
0.00727454
0.00728601
0.00729754
0.0073091
0.00732072
0.00733238
0.0073441
0.00735586
0.00736766
0.00737952
0.00739143
0.00740338
0.00741539
0.00742744
0.00743955
0.0074517
0.00746391
0.00747616
0.00748847
0.00750083
0.00751324
0.0075257
0.00753821
0.00755078
0.00756339
0.00757606
0.00758878
0.00760156
0.00761439
0.00762727
0.0076402
0.00765319
0.00766623
0.00767933
0.00769248
0.00770568
0.00771894
0.00773226
0.00774562
0.00775905
0.00777253
0.00778606
0.00779965
0.00781329
0.00782699
0.00784075
0.00785456
0.00786843
0.00788235
0.00789633
0.00791037
0.00792446
0.00793861
0.00795281
0.00796708
0.0079814
0.00799577
0.00801021
0.0080247
0.00803925
0.00805385
0.00806851
0.00808323
0.00809801
0.00811285
0.00812774
0.00814269
0.0081577
0.00817277
0.00818789
0.00820308
0.00821832
0.00823362
0.00824897
0.00826439
0.00827986
0.00829539
0.00831098
0.00832663
0.00834234
0.0083581
0.00837393
0.00838981
0.00840575
0.00842175
0.00843781
0.00845393
0.0084701
0.00848633
0.00850263
0.00851898
0.00853539
0.00855185
0.00856838
0.00858497
0.00860161
0.00861831
0.00863507
0.00865189
0.00866877
0.00868571
0.0087027
0.00871975
0.00873687
0.00875404
0.00877127
0.00878855
0.0088059
0.0088233
0.00884076
0.00885828
0.00887586
0.0088935
0.00891119
0.00892895
0.00894676
0.00896463
0.00898255
0.00900054
0.00901858
0.00903668
0.00905484
0.00907306
0.00909133
0.00910966
0.00912805
0.0091465
0.009165
0.00918356
0.00920218
0.00922086
0.00923959
0.00925838
0.00927723
0.00929613
0.00931509
0.00933411
0.00935318
0.00937232
0.00939151
0.00941075
0.00943005
0.00944941
0.00946882
0.0094883
0.00950782
0.00952741
0.00954704
0.00956674
0.00958649
0.0096063
0.00962616
0.00964608
0.00966605
0.00968608
0.00970617
0.00972631
0.00974651
0.00976676
0.00978706
0.00980743
0.00982784
0.00984831
0.00986884
0.00988942
0.00991006
0.00993075
0.00995149
0.00997229
0.00999315
0.0100141
0.010035
0.010056
0.0100771
0.0100982
0.0101194
0.0101406
0.0101619
0.0101833
0.0102047
0.0102261
0.0102476
0.0102691
0.0102908
0.0103124
0.0103341
0.0103559
0.0103777
0.0103996
0.0104215
0.0104435
0.0104655
0.0104876
0.0105097
0.0105319
0.0105541
0.0105764
0.0105988
0.0106212
0.0106436
0.0106661
0.0106887
0.0107113
0.0107339
0.0107566
0.0107794
0.0108022
0.010825
0.0108479
0.0108709
0.0108939
0.010917
0.0109401
0.0109633
0.0109865
0.0110097
0.0110331
0.0110564
0.0110798
0.0111033
0.0111268
0.0111504
0.011174
0.0111977
0.0112214
0.0112452
0.011269
0.0112929
0.0113168
0.0113408
0.0113648
0.0113889
0.011413
0.0114372
0.0114614
0.0114856
0.01151
0.0115343
0.0115588
0.0115832
0.0116077
0.0116323
0.0116569
0.0116816
0.0117063
0.0117311
0.0117559
0.0117808
0.0118057
0.0118306
0.0118556
0.0118807
0.0119058
0.011931
0.0119562
0.0119814
0.0120067
0.0120321
0.0120575
0.0120829
0.0121084
0.012134
0.0121596
0.0121852
0.0122109
0.0122367
0.0122625
0.0122883
0.0123142
0.0123401
0.0123661
0.0123922
0.0124183
0.0124444
0.0124706
0.0124968
0.0125231
0.0125494
0.0125758
0.0126022
0.0126287
0.0126552
0.0126818
0.0127084
0.0127351
0.0127618
0.0127886
0.0128154
0.0128423
0.0128692
0.0128961
0.0129232
0.0129502
0.0129773
0.0130045
0.0130317
0.013059
0.0130863
0.0131136
0.013141
0.0131685
0.013196
0.0132236
0.0132512
0.0132788
0.0133065
0.0133343
0.0133621
0.0133899
0.0134178
0.0134458
0.0134738
0.0135018
0.0135299
0.0135581
0.0135863
0.0136145
0.0136428
0.0136712
0.0136996
0.013728
0.0137565
0.0137851
0.0138137
0.0138424
0.0138711
0.0138998
0.0139286
0.0139575
0.0139864
0.0140153
0.0140443
0.0140734
0.0141025
0.0141317
0.0141609
0.0141902
0.0142195
0.0142488
0.0142783
0.0143077
0.0143373
0.0143668
0.0143965
0.0144261
0.0144559
0.0144857
0.0145155
0.0145454
0.0145753
0.0146053
0.0146354
0.0146655
0.0146956
0.0147258
0.0147561
0.0147864
0.0148168
0.0148472
0.0148777
0.0149082
0.0149388
0.0149694
0.0150001
0.0150308
0.0150616
0.0150925
0.0151234
0.0151544
0.0151854
0.0152165
0.0152476
0.0152788
0.01531
0.0153413
0.0153727
0.0154041
0.0154355
0.015467
0.0154986
0.0155302
0.0155619
0.0155937
0.0156255
0.0156573
0.0156892
0.0157212
0.0157532
0.0157853
0.0158175
0.0158497
0.0158819
0.0159142
0.0159466
0.015979
0.0160115
0.0160441
0.0160767
0.0161094
0.0161421
0.0161749
0.0162077
0.0162406
0.0162736
0.0163066
0.0163397
0.0163728
0.016406
0.0164393
0.0164726
0.016506
0.0165395
0.016573
0.0166065
0.0166402
0.0166739
0.0167076
0.0167414
0.0167753
0.0168093
0.0168433
0.0168773
0.0169115
0.0169456
0.0169799
0.0170142
0.0170486
0.017083
0.0171175
0.0171521
0.0171868
0.0172215
0.0172562
0.0172911
0.0173259
0.0173609
0.0173959
0.017431
0.0174662
0.0175014
0.0175367
0.017572
0.0176075
0.017643
0.0176785
0.0177141
0.0177498
0.0177856
0.0178214
0.0178573
0.0178932
0.0179293
0.0179654
0.0180015
0.0180378
0.0180741
0.0181104
0.0181469
0.0181834
0.01822
0.0182566
0.0182933
0.0183301
0.018367
0.0184039
0.0184409
0.018478
0.0185151
0.0185523
0.0185896
0.0186269
0.0186644
0.0187019
0.0187394
0.0187771
0.0188148
0.0188526
0.0188905
0.0189284
0.0189664
0.0190045
0.0190426
0.0190809
0.0191192
0.0191576
0.019196
0.0192345
0.0192731
0.0193118
0.0193506
0.0193894
0.0194283
0.0194673
0.0195064
0.0195455
0.0195847
0.019624
0.0196634
0.0197028
0.0197423
0.0197819
0.0198216
0.0198614
0.0199012
0.0199411
0.0199811
0.0200212
0.0200613
0.0201015
0.0201418
0.0201822
0.0202227
0.0202632
0.0203039
0.0203446
0.0203854
0.0204263
0.0204672
0.0205082
0.0205494
0.0205906
0.0206318
0.0206732
0.0207146
0.0207562
0.0207978
0.0208395
0.0208813
0.0209231
0.0209651
0.0210071
0.0210492
0.0210914
0.0211337
0.0211761
0.0212185
0.021261
0.0213037
0.0213464
0.0213892
0.0214321
0.021475
0.0215181
0.0215612
0.0216045
0.0216478
0.0216912
0.0217347
0.0217782
0.0218219
0.0218657
0.0219095
0.0219534
0.0219975
0.0220416
0.0220858
0.0221301
0.0221744
0.0222189
0.0222635
0.0223081
0.0223529
0.0223977
0.0224426
0.0224876
0.0225328
0.022578
0.0226232
0.0226686
0.0227141
0.0227597
0.0228053
0.0228511
0.0228969
0.0229429
0.0229889
0.023035
0.0230813
0.0231276
0.023174
0.0232205
0.0232671
0.0233138
0.0233606
0.0234075
0.0234545
0.0235015
0.0235487
0.023596
0.0236434
0.0236908
0.0237384
0.0237861
0.0238338
0.0238817
0.0239296
0.0239777
0.0240258
0.0240741
0.0241224
0.0241709
0.0242194
0.0242681
0.0243168
0.0243657
0.0244146
0.0244637
0.0245128
0.0245621
0.0246114
0.0246609
0.0247105
0.0247601
0.0248099
0.0248597
0.0249097
0.0249598
0.0250099
0.0250602
0.0251106
0.0251611
0.0252116
0.0252623
0.0253131
0.025364
0.025415
0.0254661
0.0255173
0.0255687
0.0256201
0.0256716
0.0257233
0.025775
0.0258268
0.0258788
0.0259309
0.025983
0.0260353
0.0260877
0.0261402
0.0261928
0.0262455
0.0262983
0.0263512
0.0264043
0.0264574
0.0265107
0.026564
0.0266175
0.0266711
0.0267248
0.0267786
0.0268325
0.0268865
0.0269406
0.0269949
0.0270492
0.0271037
0.0271583
0.027213
0.0272678
0.0273227
0.0273778
0.0274329
0.0274882
0.0275435
0.027599
0.0276546
0.0277103
0.0277662
0.0278221
0.0278782
0.0279344
0.0279907
0.0280471
0.0281036
0.0281602
0.028217
0.0282739
0.0283308
0.028388
0.0284452
0.0285025
0.02856
0.0286176
0.0286753
0.0287331
0.028791
0.0288491
0.0289072
0.0289655
0.0290239
0.0290825
0.0291411
0.0291999
0.0292588
0.0293178
0.0293769
0.0294362
0.0294956
0.0295551
0.0296147
0.0296744
0.0297343
0.0297943
0.0298544
0.0299146
0.029975
0.0300355
0.0300961
0.0301568
0.0302177
0.0302786
0.0303398
0.030401
0.0304623
0.0305238
0.0305854
0.0306472
0.030709
0.030771
0.0308331
0.0308954
0.0309577
0.0310202
0.0310828
0.0311456
0.0312085
0.0312715
0.0313346
0.0313979
0.0314613
0.0315248
0.0315885
0.0316523
0.0317162
0.0317802
0.0318444
0.0319087
0.0319731
0.0320377
0.0321024
0.0321673
0.0322322
0.0322973
0.0323626
0.0324279
0.0324934
0.0325591
0.0326248
0.0326907
0.0327568
0.0328229
0.0328892
0.0329557
0.0330223
0.033089
0.0331558
0.0332228
0.0332899
0.0333572
0.0334246
0.0334921
0.0335598
0.0336276
0.0336955
0.0337636
0.0338318
0.0339002
0.0339687
0.0340373
0.0341061
0.034175
0.0342441
0.0343133
0.0343826
0.0344521
0.0345217
0.0345915
0.0346614
0.0347314
0.0348016
0.034872
0.0349424
0.0350131
0.0350838
0.0351547
0.0352258
0.035297
0.0353683
0.0354398
0.0355114
0.0355832
0.0356551
0.0357272
0.0357994
0.0358717
0.0359443
0.0360169
0.0360897
0.0361627
0.0362357
0.036309
0.0363824
0.0364559
0.0365296
0.0366034
0.0366774
0.0367516
0.0368259
0.0369003
0.0369749
0.0370496
0.0371245
0.0371996
0.0372748
0.0373501
0.0374256
0.0375013
0.0375771
0.037653
0.0377292
0.0378054
0.0378818
0.0379584
0.0380352
0.038112
0.0381891
0.0382663
0.0383436
0.0384211
0.0384988
0.0385766
0.0386546
0.0387328
0.0388111
0.0388895
0.0389681
0.0390469
0.0391258
0.0392049
0.0392842
0.0393636
0.0394432
0.0395229
0.0396028
0.0396828
0.0397631
0.0398434
0.039924
0.0400047
0.0400856
0.0401666
0.0402478
0.0403291
0.0404107
0.0404924
0.0405742
0.0406562
0.0407384
0.0408208
0.0409033
0.0409859
0.0410688
0.0411518
0.041235
0.0413183
0.0414019
0.0414855
0.0415694
0.0416534
0.0417376
0.041822
0.0419065
0.0419912
0.0420761
0.0421612
0.0422464
0.0423318
0.0424173
0.0425031
0.042589
0.042675
0.0427613
0.0428477
0.0429343
0.0430211
0.0431081
0.0431952
0.0432825
0.04337
0.0434576
0.0435455
0.0436335
0.0437216
0.04381
0.0438986
0.0439873
0.0440762
0.0441653
0.0442545
0.0443439
0.0444336
0.0445234
0.0446133
0.0447035
0.0447938
0.0448844
0.0449751
0.045066
0.045157
0.0452483
0.0453397
0.0454314
0.0455232
0.0456152
0.0457073
0.0457997
0.0458922
0.045985
0.0460779
0.046171
0.0462643
0.0463578
0.0464515
0.0465453
0.0466394
0.0467336
0.0468281
0.0469227
0.0470175
0.0471125
0.0472077
0.0473031
0.0473986
0.0474944
0.0475904
0.0476865
0.0477829
0.0478794
0.0479762
0.0480731
0.0481702
0.0482675
0.0483651
0.0484628
0.0485607
0.0486588
0.0487571
0.0488556
0.0489543
0.0490532
0.0491523
0.0492516
0.0493511
0.0494508
0.0495507
0.0496508
0.0497511
0.0498516
0.0499523
0.0500533
0.0501544
0.0502557
0.0503572
0.0504589
0.0505609
0.050663
0.0507654
0.0508679
0.0509707
0.0510736
0.0511768
0.0512802
0.0513837
0.0514875
0.0515915
0.0516958
0.0518002
0.0519048
0.0520097
0.0521147
0.05222
0.0523255
0.0524311
0.052537
0.0526432
0.0527495
0.052856
0.0529628
0.0530698
0.053177
0.0532844
0.053392
0.0534998
0.0536079
0.0537162
0.0538246
0.0539334
0.0540423
0.0541514
0.0542608
0.0543704
0.0544802
0.0545902
0.0547005
0.0548109
0.0549216
0.0550326
0.0551437
0.0552551
0.0553667
0.0554785
0.0555905
0.0557028
0.0558153
0.055928
0.056041
0.0561541
0.0562675
0.0563812
0.056495
0.0566091
0.0567234
0.056838
0.0569528
0.0570678
0.057183
0.0572985
0.0574142
0.0575301
0.0576463
0.0577627
0.0578794
0.0579963
0.0581134
0.0582307
0.0583483
0.0584661
0.0585842
0.0587025
0.058821
0.0589398
0.0590588
0.0591781
0.0592976
0.0594173
0.0595373
0.0596575
0.059778
0.0598987
0.0600196
0.0601408
0.0602623
0.060384
0.0605059
0.0606281
0.0607505
0.0608731
0.0609961
0.0611192
0.0612426
0.0613663
0.0614902
0.0616144
0.0617388
0.0618634
0.0619883
0.0621135
0.0622389
0.0623646
0.0624905
0.0626167
0.0627431
0.0628698
0.0629968
0.0631239
0.0632514
0.0633791
0.0635071
0.0636353
0.0637638
0.0638925
0.0640215
0.0641508
0.0642803
0.0644101
0.0645402
0.0646705
0.0648011
0.0649319
0.065063
0.0651944
0.065326
0.0654579
0.0655901
0.0657225
0.0658552
0.0659881
0.0661214
0.0662549
0.0663886
0.0665227
0.066657
0.0667916
0.0669264
0.0670616
0.067197
0.0673326
0.0674686
0.0676048
0.0677413
0.0678781
0.0680151
0.0681524
0.06829
0.0684279
0.0685661
0.0687045
0.0688432
0.0689822
0.0691215
0.0692611
0.0694009
0.069541
0.0696814
0.0698221
0.0699631
0.0701043
0.0702459
0.0703877
0.0705298
0.0706722
0.0708149
0.0709579
0.0711011
0.0712447
0.0713885
0.0715327
0.0716771
0.0718218
0.0719668
0.0721121
0.0722577
0.0724036
0.0725498
0.0726963
0.072843
0.0729901
0.0731375
0.0732851
0.0734331
0.0735813
0.0737299
0.0738788
0.0740279
0.0741774
0.0743272
0.0744772
0.0746276
0.0747783
0.0749292
0.0750805
0.0752321
0.075384
0.0755362
0.0756887
0.0758415
0.0759947
0.0761481
0.0763018
0.0764559
0.0766103
0.0767649
0.0769199
0.0770752
0.0772308
0.0773868
0.077543
0.0776996
0.0778565
0.0780137
0.0781712
0.078329
0.0784871
0.0786456
0.0788044
0.0789635
0.0791229
0.0792827
0.0794428
0.0796032
0.0797639
0.0799249
0.0800863
0.080248
0.08041
0.0805724
0.0807351
0.0808981
0.0810614
0.0812251
0.0813891
0.0815534
0.0817181
0.0818831
0.0820484
0.0822141
0.0823801
0.0825464
0.0827131
0.0828801
0.0830474
0.0832151
0.0833831
0.0835515
0.0837202
0.0838892
0.0840586
0.0842283
0.0843984
0.0845688
0.0847395
0.0849106
0.0850821
0.0852539
0.085426
0.0855985
0.0857713
0.0859445
0.086118
0.0862919
0.0864661
0.0866407
0.0868157
0.086991
0.0871666
0.0873426
0.087519
0.0876957
0.0878727
0.0880502
0.088228
0.0884061
0.0885846
0.0887635
0.0889427
0.0891223
0.0893022
0.0894826
0.0896632
0.0898443
0.0900257
0.0902075
0.0903896
0.0905721
0.090755
0.0909383
0.0911219
0.0913059
0.0914902
0.091675
0.0918601
0.0920456
0.0922314
0.0924177
0.0926043
0.0927913
0.0929786
0.0931664
0.0933545
0.093543
0.0937319
0.0939211
0.0941108
0.0943008
0.0944912
0.094682
0.0948732
0.0950648
0.0952567
0.0954491
0.0956418
0.0958349
0.0960284
0.0962223
0.0964166
0.0966113
0.0968064
0.0970019
0.0971978
0.097394
0.0975907
0.0977877
0.0979852
0.0981831
0.0983813
0.09858
0.098779
0.0989785
0.0991783
0.0993786
0.0995793
0.0997804
0.0999818
0.100184
0.100386
0.100589
0.100792
0.100995
0.101199
0.101404
0.101608
0.101814
0.102019
0.102225
0.102432
0.102638
0.102846
0.103053
0.103261
0.10347
0.103679
0.103888
0.104098
0.104308
0.104519
0.10473
0.104941
0.105153
0.105366
0.105578
0.105792
0.106005
0.106219
0.106434
0.106649
0.106864
0.10708
0.107296
0.107513
0.10773
0.107947
0.108165
0.108384
0.108603
0.108822
0.109042
0.109262
0.109483
0.109704
0.109925
0.110147
0.11037
0.110592
0.110816
0.11104
0.111264
0.111488
0.111714
0.111939
0.112165
0.112392
0.112619
0.112846
0.113074
0.113302
0.113531
0.11376
0.11399
0.11422
0.114451
0.114682
0.114914
0.115146
0.115378
0.115611
0.115845
0.116079
0.116313
0.116548
0.116783
0.117019
0.117255
0.117492
0.117729
0.117967
0.118205
0.118444
0.118683
0.118923
0.119163
0.119404
0.119645
0.119886
0.120128
0.120371
0.120614
0.120858
0.121102
0.121346
0.121591
0.121837
0.122083
0.122329
0.122576
0.122824
0.123072
0.12332
0.12357
0.123819
0.124069
0.12432
0.124571
0.124822
0.125074
0.125327
0.12558
0.125834
0.126088
0.126342
0.126597
0.126853
0.127109
0.127366
0.127623
0.127881
0.128139
0.128398
0.128657
0.128917
0.129177
0.129438
0.129699
0.129961
0.130224
0.130487
0.13075
0.131014
0.131279
0.131544
0.13181
0.132076
0.132342
0.13261
0.132878
0.133146
0.133415
0.133684
0.133954
0.134225
0.134496
0.134767
0.135039
0.135312
0.135585
0.135859
0.136133
0.136408
0.136684
0.13696
0.137236
0.137514
0.137791
0.138069
0.138348
0.138628
0.138908
0.139188
0.139469
0.139751
0.140033
0.140316
0.140599
0.140883
0.141168
0.141453
0.141738
0.142024
0.142311
0.142599
0.142887
0.143175
0.143464
0.143754
0.144044
0.144335
0.144627
0.144919
0.145211
0.145505
0.145798
0.146093
0.146388
0.146683
0.14698
0.147276
0.147574
0.147872
0.14817
0.14847
0.148769
0.14907
0.149371
0.149673
0.149975
0.150278
0.150581
0.150885
0.15119
0.151495
0.151801
0.152108
0.152415
0.152723
0.153031
0.15334
0.15365
0.15396
0.154271
0.154582
0.154895
0.155207
0.155521
0.155835
0.156149
0.156465
0.156781
0.157097
0.157415
0.157732
0.158051
0.15837
0.15869
0.15901
0.159331
0.159653
0.159976
0.160299
0.160622
0.160947
0.161272
0.161597
0.161924
0.162251
0.162578
0.162907
0.163236
0.163565
0.163896
0.164226
0.164558
0.16489
0.165223
0.165557
0.165891
0.166226
0.166562
0.166898
0.167235
0.167573
0.167911
0.168251
0.16859
0.168931
0.169272
0.169614
0.169956
0.170299
0.170643
0.170988
0.171333
0.171679
0.172026
0.172373
0.172721
0.17307
0.17342
0.17377
0.174121
0.174472
0.174825
0.175178
0.175531
0.175886
0.176241
0.176597
0.176953
0.177311
0.177669
0.178028
0.178387
0.178747
0.179108
0.17947
0.179832
0.180195
0.180559
0.180924
0.181289
0.181655
0.182022
0.18239
0.182758
0.183127
0.183497
0.183867
0.184239
0.184611
0.184984
0.185357
0.185731
0.186106
0.186482
0.186859
0.187236
0.187614
0.187993
0.188373
0.188753
0.189134
0.189516
0.189899
0.190282
0.190667
0.191052
0.191437
0.191824
0.192211
0.192599
0.192988
0.193378
0.193769
0.19416
0.194552
0.194945
0.195338
0.195733
0.196128
0.196524
0.196921
0.197319
0.197717
0.198116
0.198516
0.198917
0.199319
0.199722
0.200125
0.200529
0.200934
0.20134
0.201746
0.202154
0.202562
0.202971
0.203381
0.203791
0.204203
0.204615
0.205028
0.205442
0.205857
0.206273
0.20669
0.207107
0.207525
0.207944
0.208364
0.208785
0.209206
0.209629
0.210052
0.210476
0.210901
0.211327
0.211754
0.212182
0.21261
0.213039
0.21347
0.213901
0.214333
0.214765
0.215199
0.215634
0.216069
0.216505
0.216943
0.217381
0.21782
0.218259
0.2187
0.219142
0.219584
0.220028
0.220472
0.220917
0.221363
0.22181
0.222258
0.222707
0.223157
0.223607
0.224059
0.224511
0.224965
0.225419
0.225874
0.22633
0.226787
0.227245
0.227704
0.228164
0.228625
0.229086
0.229549
0.230012
0.230477
0.230942
0.231409
0.231876
0.232344
0.232813
0.233283
0.233755
0.234227
0.2347
0.235173
0.235648
0.236124
0.236601
0.237079
0.237558
0.238037
0.238518
0.239
0.239482
0.239966
0.24045
0.240936
0.241422
0.24191
0.242398
0.242888
0.243378
0.24387
0.244362
0.244856
0.24535
0.245846
0.246342
0.246839
0.247338
0.247837
0.248338
0.248839
0.249342
0.249845
0.25035
0.250855
0.251362
0.251869
0.252378
0.252888
0.253398
0.25391
0.254423
0.254936
0.255451
0.255967
0.256484
0.257002
0.257521
0.258041
0.258562
0.259084
0.259607
0.260131
0.260657
0.261183
0.261711
0.262239
0.262769
0.263299
0.263831
0.264364
0.264897
0.265432
0.265968
0.266505
0.267044
0.267583
0.268123
0.268665
0.269207
0.269751
0.270295
0.270841
0.271388
0.271936
0.272485
0.273035
0.273587
0.274139
0.274693
0.275248
0.275803
0.27636
0.276918
0.277478
0.278038
0.278599
0.279162
0.279726
0.28029
0.280856
0.281424
0.281992
0.282561
0.283132
0.283704
0.284276
0.284851
0.285426
0.286002
0.28658
0.287158
0.287738
0.288319
0.288901
0.289485
0.290069
0.290655
0.291242
0.29183
0.292419
0.29301
0.293602
0.294194
0.294789
0.295384
0.29598
0.296578
0.297177
0.297777
0.298378
0.298981
0.299585
0.300189
0.300796
0.301403
0.302012
0.302622
0.303233
0.303845
0.304459
0.305073
0.305689
0.306307
0.306925
0.307545
0.308166
0.308788
0.309412
0.310037
0.310663
0.31129
0.311919
0.312548
0.31318
0.313812
0.314446
0.315081
0.315717
0.316354
0.316993
0.317633
0.318275
0.318917
0.319561
0.320207
0.320853
0.321501
0.32215
0.322801
0.323453
0.324106
0.32476
0.325416
0.326073
0.326732
0.327392
0.328053
0.328715
0.329379
0.330044
0.33071
0.331378
0.332047
0.332718
0.33339
0.334063
0.334738
0.335414
0.336091
0.33677
0.33745
0.338131
0.338814
0.339498
0.340184
0.34087
0.341559
0.342248
0.34294
0.343632
0.344326
0.345021
0.345718
0.346416
0.347116
0.347817
0.348519
0.349223
0.349928
0.350635
0.351343
0.352052
0.352763
0.353475
0.354189
0.354904
0.355621
0.356339
0.357059
0.35778
0.358502
0.359226
0.359951
0.360678
0.361407
0.362136
0.362868
0.3636
0.364335
0.36507
0.365808
0.366546
0.367286
0.368028
0.368771
0.369516
0.370262
0.37101
0.371759
0.37251
0.373262
0.374016
0.374771
0.375528
0.376286
0.377046
0.377807
0.37857
0.379335
0.380101
0.380868
0.381637
0.382408
0.38318
0.383954
0.384729
0.385506
0.386284
0.387064
0.387846
0.388629
0.389414
0.3902
0.390988
0.391778
0.392569
0.393362
0.394156
0.394952
0.395749
0.396549
0.397349
0.398152
0.398956
0.399761
0.400569
0.401377
0.402188
0.403
0.403814
0.404629
0.405446
0.406265
0.407086
0.407908
0.408731
0.409557
0.410384
0.411212
0.412043
0.412875
0.413708
0.414544
0.415381
0.41622
0.41706
0.417902
0.418746
0.419592
0.420439
0.421288
0.422139
0.422991
0.423845
0.424701
0.425559
0.426418
0.427279
0.428142
0.429007
0.429873
0.430741
0.431611
0.432482
0.433356
0.434231
0.435108
0.435986
0.436867
0.437749
0.438633
0.439519
0.440406
0.441295
0.442187
0.443079
0.443974
0.444871
0.445769
0.446669
0.447571
0.448475
0.449381
0.450288
0.451197
0.452108
0.453021
0.453936
0.454853
0.455771
0.456692
0.457614
0.458538
0.459464
0.460392
0.461321
0.462253
0.463186
0.464122
0.465059
0.465998
0.466939
0.467882
0.468827
0.469773
0.470722
0.471673
0.472625
0.473579
0.474536
0.475494
0.476454
0.477416
0.47838
0.479346
0.480314
0.481284
0.482256
0.48323
0.484206
0.485183
0.486163
0.487145
0.488129
0.489114
0.490102
0.491092
0.492083
0.493077
0.494073
0.49507
0.49607
0.497072
0.498075
0.499081
0.500089
0.501099
0.502111
0.503125
0.504141
0.505159
0.506179
0.507201
0.508225
0.509251
0.51028
0.51131
0.512343
0.513377
0.514414
0.515453
0.516494
0.517536
0.518582
0.519629
0.520678
0.521729
0.522783
0.523839
0.524896
0.525956
0.527018
0.528083
0.529149
0.530218
0.531288
0.532361
0.533436
0.534513
0.535593
0.536674
0.537758
0.538844
0.539932
0.541022
0.542115
0.543209
0.544306
0.545405
0.546507
0.54761
0.548716
0.549824
0.550934
0.552047
0.553162
0.554279
0.555398
0.55652
0.557643
0.558769
0.559898
0.561028
0.562161
0.563296
0.564434
0.565574
0.566716
0.56786
0.569007
0.570156
0.571307
0.572461
0.573617
0.574775
0.575936
0.577099
0.578264
0.579432
0.580602
0.581774
0.582949
0.584126
0.585306
0.586488
0.587672
0.588859
0.590048
0.591239
0.592433
0.593629
0.594828
0.596029
0.597233
0.598439
0.599647
0.600858
0.602072
0.603287
0.604506
0.605726
0.606949
0.608175
0.609403
0.610634
0.611867
0.613102
0.61434
0.615581
0.616824
0.61807
0.619318
0.620568
0.621821
0.623077
0.624335
0.625596
0.626859
0.628125
0.629393
0.630664
0.631938
0.633214
0.634493
0.635774
0.637058
0.638344
0.639633
0.640925
0.642219
0.643516
0.644815
0.646117
0.647422
0.648729
0.650039
0.651352
0.652667
0.653985
0.655306
0.656629
0.657955
0.659284
0.660615
0.661949
0.663286
0.664625
0.665967
0.667312
0.668659
0.67001
0.671363
0.672718
0.674077
0.675438
0.676802
0.678169
0.679538
0.68091
0.682285
0.683663
0.685043
0.686427
0.687813
0.689202
0.690594
0.691988
0.693385
0.694786
0.696189
0.697594
0.699003
0.700415
0.701829
0.703246
0.704666
0.706089
0.707515
0.708944
0.710375
0.71181
0.713247
0.714687
0.716131
0.717577
0.719026
0.720478
0.721933
0.72339
0.724851
0.726315
0.727781
0.729251
0.730724
0.732199
0.733678
0.735159
0.736644
0.738131
0.739622
0.741115
0.742612
0.744111
0.745614
0.74712
0.748628
0.75014
0.751655
0.753173
0.754694
0.756218
0.757745
0.759275
0.760808
0.762344
0.763884
0.765426
0.766972
0.768521
0.770073
0.771628
0.773186
0.774747
0.776311
0.777879
0.77945
0.781024
0.782601
0.784181
0.785765
0.787352
0.788941
0.790535
0.792131
0.79373
0.795333
0.796939
0.798549
0.800161
0.801777
0.803396
0.805018
0.806644
0.808273
0.809905
0.81154
0.813179
0.814821
0.816466
0.818115
0.819767
0.821423
0.823081
0.824743
0.826409
0.828078
0.82975
0.831425
0.833104
0.834786
0.836472
0.838161
0.839854
0.84155
0.843249
0.844952
0.846658
0.848368
0.850081
0.851797
0.853518
0.855241
0.856968
0.858699
0.860433
0.86217
0.863911
0.865656
0.867404
0.869155
0.87091
0.872669
0.874431
0.876197
0.877966
0.879739
0.881516
0.883296
0.885079
0.886866
0.888657
0.890452
0.89225
0.894052
0.895857
0.897666
0.899479
0.901295
0.903115
0.904939
0.906766
0.908597
0.910432
0.91227
0.914113
0.915958
0.917808
0.919661
0.921518
0.923379
0.925244
0.927112
0.928984
0.93086
0.93274
0.934623
0.936511
0.938402
0.940297
0.942196
0.944098
0.946005
0.947915
0.949829
0.951747
0.953669
0.955595
0.957524
0.959458
0.961395
0.963337
0.965282
0.967231
0.969184
0.971141
0.973102
0.975067
0.977036
0.979009
0.980986
0.982967
0.984952
0.986941
0.988934
0.990931
0.992932
0.994937
0.996946
0.998959
1.00098
1.003
1.00502
1.00705
1.00909
1.01112
1.01317
1.01521
1.01726
1.01932
1.02137
1.02344
1.0255
1.02757
1.02965
1.03173
1.03381
1.0359
1.03799
1.04009
1.04219
1.04429
1.0464
1.04851
1.05063
1.05275
1.05488
1.05701
1.05914
1.06128
1.06342
1.06557
1.06772
1.06988
1.07204
1.07421
1.07637
1.07855
1.08073
1.08291
1.08509
1.08729
1.08948
1.09168
1.09389
1.09609
1.09831
1.10053
1.10275
1.10498
1.10721
1.10944
1.11168
1.11393
1.11618
1.11843
1.12069
1.12295
1.12522
1.12749
1.12977
1.13205
1.13434
1.13663
1.13892
1.14122
1.14353
1.14584
1.14815
1.15047
1.15279
1.15512
1.15745
1.15979
1.16213
1.16448
1.16683
1.16918
1.17155
1.17391
1.17628
1.17866
1.18104
1.18342
1.18581
1.18821
1.19061
1.19301
1.19542
1.19783
1.20025
1.20268
1.2051
1.20754
1.20998
1.21242
1.21487
1.21732
1.21978
1.22224
1.22471
1.22718
1.22966
1.23214
1.23463
1.23713
1.23962
1.24213
1.24464
1.24715
1.24967
1.25219
1.25472
1.25725
1.25979
1.26234
1.26488
1.26744
1.27
1.27256
1.27513
1.27771
1.28029
1.28287
1.28546
1.28806
1.29066
1.29327
1.29588
1.29849
1.30112
1.30374
1.30638
1.30901
1.31166
1.31431
1.31696
1.31962
1.32228
1.32495
1.32763
1.33031
1.333
1.33569
1.33839
1.34109
1.3438
1.34651
1.34923
1.35195
1.35468
1.35742
1.36016
1.36291
1.36566
1.36842
1.37118
1.37395
1.37672
1.3795
1.38229
1.38508
1.38788
1.39068
1.39349
1.3963
1.39912
1.40195
1.40478
1.40762
1.41046
1.41331
1.41616
1.41902
1.42188
1.42476
1.42763
1.43052
1.4334
1.4363
1.4392
1.44211
1.44502
1.44794
1.45086
1.45379
1.45672
1.45967
1.46261
1.46557
1.46853
1.47149
1.47446
1.47744
1.48042
1.48341
1.48641
1.48941
1.49242
1.49543
1.49845
1.50148
1.50451
1.50755
1.51059
1.51364
1.5167
1.51976
1.52283
1.52591
1.52899
1.53207
1.53517
1.53827
1.54137
1.54449
1.54761
1.55073
1.55386
1.557
1.56014
1.56329
1.56645
1.56961
1.57278
1.57596
1.57914
1.58233
1.58553
1.58873
1.59194
1.59515
1.59837
1.6016
1.60483
1.60807
1.61132
1.61458
1.61784
1.6211
1.62438
1.62766
1.63094
1.63424
1.63754
1.64084
1.64416
1.64748
1.6508
1.65414
1.65748
1.66082
1.66418
1.66754
1.67091
1.67428
1.67766
1.68105
1.68444
1.68784
1.69125
1.69467
1.69809
1.70152
1.70495
1.7084
1.71185
1.7153
1.71877
1.72224
1.72572
1.7292
1.73269
1.73619
1.7397
1.74321
1.74673
1.75026
1.75379
1.75733
1.76088
1.76444
1.768
1.77157
1.77515
1.77873
1.78233
1.78592
1.78953
1.79314
1.79677
1.80039
1.80403
1.80767
1.81132
1.81498
1.81864
1.82232
1.826
1.82968
1.83338
1.83708
1.84079
1.84451
1.84823
1.85196
1.8557
1.85945
1.86321
1.86697
1.87074
1.87452
1.8783
1.88209
1.8859
1.8897
1.89352
1.89734
1.90117
1.90501
1.90886
1.91272
1.91658
1.92045
1.92433
1.92821
1.93211
1.93601
1.93992
1.94383
1.94776
1.95169
1.95563
1.95958
1.96354
1.9675
1.97148
1.97546
1.97945
1.98344
1.98745
1.99146
1.99548
1.99951
2.00355
2.0076
2.01165
2.01571
2.01978
2.02386
2.02795
2.03204
2.03615
2.04026
2.04438
2.04851
2.05264
2.05679
2.06094
2.0651
2.06927
2.07345
2.07764
2.08183
2.08604
2.09025
2.09447
2.0987
2.10294
2.10719
2.11144
2.1157
2.11998
2.12426
2.12855
2.13285
2.13715
2.14147
2.14579
2.15013
2.15447
2.15882
2.16318
2.16755
2.17192
2.17631
2.1807
2.18511
2.18952
2.19394
2.19837
2.20281
2.20726
2.21171
2.21618
2.22066
2.22514
2.22963
2.23414
2.23865
2.24317
2.2477
2.25224
2.25678
2.26134
2.26591
2.27048
2.27507
2.27966
2.28427
2.28888
2.2935
2.29813
2.30277
2.30742
2.31208
2.31675
2.32143
2.32612
2.33081
2.33552
2.34024
2.34496
2.3497
2.35444
2.3592
2.36396
2.36873
2.37352
2.37831
2.38311
2.38792
2.39275
2.39758
2.40242
2.40727
2.41213
2.417
2.42188
2.42677
2.43167
2.43659
2.44151
2.44644
2.45138
2.45633
2.46129
2.46626
2.47124
2.47623
2.48123
2.48624
2.49126
2.49629
2.50133
2.50638
2.51144
2.51651
2.52159
2.52669
2.53179
2.5369
2.54202
2.54716
2.5523
2.55745
2.56262
2.56779
2.57298
2.57817
2.58338
2.5886
2.59382
2.59906
2.60431
2.60957
2.61484
2.62012
2.62541
2.63071
2.63602
2.64135
2.64668
2.65202
2.65738
2.66275
2.66812
2.67351
2.67891
2.68432
2.68974
2.69517
2.70061
2.70607
2.71153
2.71701
2.72249
2.72799
2.7335
2.73902
2.74455
2.75009
2.75565
2.76121
2.76679
2.77237
2.77797
2.78358
2.7892
2.79483
2.80048
2.80613
2.8118
2.81748
2.82317
2.82887
2.83458
2.8403
2.84604
2.85179
2.85755
2.86332
2.8691
2.87489
2.8807
2.88651
2.89234
2.89818
2.90403
2.9099
2.91578
2.92166
2.92756
2.93347
2.9394
2.94533
2.95128
2.95724
2.96321
2.9692
2.97519
2.9812
2.98722
2.99325
2.9993
3.00535
3.01142
3.0175
3.0236
3.0297
3.03582
3.04195
3.04809
3.05425
3.06041
3.06659
3.07279
3.07899
3.08521
3.09144
3.09768
3.10394
3.11021
3.11649
3.12278
3.12908
3.1354
3.14173
3.14808
3.15444
3.16081
3.16719
3.17358
3.17999
3.18641
3.19285
3.1993
3.20576
3.21223
3.21872
3.22522
3.23173
3.23825
3.24479
3.25135
3.25791
3.26449
3.27108
3.27769
3.28431
3.29094
3.29758
3.30424
3.31091
3.3176
3.3243
3.33101
3.33774
3.34448
3.35123
3.358
3.36478
3.37158
3.37838
3.38521
3.39204
3.39889
3.40575
3.41263
3.41952
3.42643
3.43335
3.44028
3.44723
3.45419
3.46116
3.46815
3.47516
3.48217
3.4892
3.49625
3.50331
3.51038
3.51747
3.52458
3.53169
3.53883
3.54597
3.55313
3.56031
3.5675
3.5747
3.58192
3.58915
3.5964
3.60366
3.61094
3.61823
3.62554
3.63286
3.64019
3.64754
3.65491
3.66229
3.66969
3.6771
3.68452
3.69196
3.69942
3.70689
3.71437
3.72187
3.72939
3.73692
3.74446
3.75203
3.7596
3.76719
3.7748
3.78242
3.79006
3.79772
3.80538
3.81307
3.82077
3.82848
3.83621
3.84396
3.85172
3.8595
3.86729
3.8751
3.88293
3.89077
3.89863
3.9065
3.91439
3.92229
3.93021
3.93815
3.9461
3.95407
3.96205
3.97005
3.97807
3.9861
3.99415
4.00222
4.0103
4.0184
4.02651
4.03464
4.04279
4.05096
4.05914
4.06733
4.07555
4.08378
4.09202
4.10028
4.10856
4.11686
4.12517
4.1335
4.14185
4.15021
4.1586
4.16699
4.17541
4.18384
4.19229
4.20075
4.20924
4.21774
4.22625
4.23479
4.24334
4.25191
4.26049
4.2691
4.27772
4.28635
4.29501
4.30368
4.31237
4.32108
4.32981
4.33855
4.34731
4.35609
4.36489
4.3737
4.38253
4.39138
4.40025
4.40914
4.41804
4.42696
4.4359
4.44486
4.45383
4.46283
4.47184
4.48087
4.48992
4.49898
4.50807
4.51717
4.52629
4.53543
4.54459
4.55377
4.56296
4.57218
4.58141
4.59066
4.59993
4.60922
4.61853
4.62785
4.6372
4.64656
4.65595
4.66535
4.67477
4.68421
4.69367
4.70315
4.71264
4.72216
4.73169
4.74125
4.75082
4.76042
4.77003
4.77966
4.78931
4.79898
4.80868
4.81839
4.82812
4.83787
4.84763
4.85742
4.86723
4.87706
4.88691
4.89678
4.90667
4.91657
4.9265
4.93645
4.94642
4.95641
4.96641
4.97644
4.98649
4.99656
5.00665
5.01676
5.02689
5.03704
5.04721
5.05741
5.06762
5.07785
5.08811
5.09838
5.10868
5.11899
5.12933
5.13969
5.15006
5.16046
5.17089
5.18133
5.19179
5.20227
5.21278
5.2233
5.23385
5.24442
5.25501
5.26562
5.27626
5.28691
5.29759
5.30828
5.319
5.32974
5.34051
5.35129
5.3621
5.37292
5.38377
5.39465
5.40554
5.41645
5.42739
5.43835
5.44933
5.46034
5.47136
5.48241
5.49348
5.50458
5.51569
5.52683
5.53799
5.54917
5.56038
5.57161
5.58286
5.59413
5.60543
5.61675
5.62809
5.63945
5.65084
5.66225
5.67369
5.68514
5.69662
5.70813
5.71965
5.7312
5.74278
5.75437
5.76599
5.77763
5.7893
5.80099
5.81271
5.82444
5.83621
5.84799
5.8598
5.87163
5.88349
5.89537
5.90727
5.9192
5.93116
5.94313
5.95513
5.96716
5.97921
5.99128
6.00338
6.0155
6.02765
6.03982
6.05202
6.06424
6.07649
6.08876
6.10105
6.11337
6.12572
6.13809
6.15048
6.1629
6.17534
6.18781
6.20031
6.21283
6.22538
6.23795
6.25054
6.26317
6.27581
6.28849
6.30118
6.31391
6.32666
6.33943
6.35223
6.36506
6.37791
6.39079
6.4037
6.41663
6.42959
6.44257
