1264
187
3107
93
104
91
1253
177
141
449
1683
3197
162
437
74
2188
418
253
410
207
68
1059
429
23
615
407
401
177
400
2588
464
41
1730
455
155
1133
364
766
172
300
1346
2298
20
279
982
1079
492
37
788
1061
1525
8556
10012
284
365
8
277
948
459
2867
1685
488
426
470
620
1874
1172
75
1656
79
25
524
278
594
169
4298
112
824
305
264
402
393
393
153
608
162
1064
85
961
1152
1139
917
54
350
654
1435
71
13
929
583
616
232
488
999
784
940
38
111
1635
480
714
598
194
3127
32
280
513
1600
2545
926
859
1075
316
4034
201
2963
1156
3037
2334
395
816
10
283
1559
1806
1045
1530
5836
888
104
605
142
295
297
62
6118
514
390
764
33
2728
1801
474
316
188
42
254
778
1208
795
326
315
290
245
474
687
149
641
868
60
1119
120
1209
329
54
556
883
123
3241
1699
3898
4124
1000
38
636
176
456
248
140
499
163
1310
356
701
967
3655
276
133
26
50
669
96
1085
401
331
220
392
630
144
2217
616
238
40
59
661
565
237
164
765
793
518
24
353
575
697
713
274
369
307
286
921
172
814
144
1007
761
133
400
731
2126
800
658
2567
163
1933
716
125
54
2546
120
756
687
582
273
137
730
385
240
217
730
766
1212
390
477
1517
142
3741
352
232
856
60
306
100
2107
182
150
29
461
126
388
814
723
353
968
3454
2077
984
180
333
942
1149
255
770
373
3184
1751
113
130
771
770
1900
278
39
541
96
232
33
387
307
246
737
707
624
439
294
497
118
278
1093
81
657
6587
1765
3249
513
48
171
199
802
930
1726
3158
117
216
2328
5072
175
1006
440
467
6
37
111
253
102
239
2360
991
460
58
141
643
241
419
1256
738
625
1370
2155
642
18
338
411
243
2122
141
577
1388
3229
1344
1491
689
1968
290
560
2222
75
317
5091
3759
253
322
2447
689
2388
993
999
464
589
65
226
1149
50
1254
855
548
668
1195
612
206
528
1912
535
358
1567
2421
2513
284
186
39
353
515
510
357
375
139
1247
3
1288
95
634
69
795
868
1374
1200
1240
228
182
539
237
2184
91
2158
643
325
232
457
7
100
24
909
613
85
166
915
356
467
257
648
242
133
553
562
551
565
1367
594
10
627
435
53
83
43
1577
482
354
25
420
5124
343
441
79
482
261
219
512
457
130
87
1766
201
54
213
394
4667
3725
1622
482
222
1498
28
227
236
2546
23
747
59
1109
560
913
383
379
547
936
1137
1786
57
57
333
2746
99
1219
2112
29
632
1778
2231
756
223
1402
279
126
1930
1955
454
428
72
857
145
332
395
328
771
2614
301
309
365
316
138
201
54
206
7469
1101
5
63
360
1168
795
108
5009
784
419
450
3031
1171
829
547
1176
1525
117
179
973
572
732
1387
15
214
493
81
1155
330
99
249
1081
80
41
1940
104
949
32
5273
1736
1007
341
282
88
754
1643
3803
4084
1967
140
387
682
175
747
178
1986
332
20
2243
1325
1530
568
186
446
1055
1309
1113
1168
634
55
113
5224
34
1181
1255
424
142
1045
135
94
66
429
330
716
1471
52
434
638
186
782
424
74
2475
792
235
757
559
365
588
711
1595
76
460
693
2817
102
313
353
268
25
391
291
4589
331
313
185
561
21
1031
427
1092
1143
220
2144
252
375
2467
1247
67
1713
249
453
40
1098
246
2199
131
274
1077
510
315
447
1181
2728
1750
409
285
394
318
769
171
263
940
444
796
142
475
338
1047
1469
27
64
234
582
137
1219
742
380
946
178
401
1164
724
248
172
4960
303
682
334
714
197
95
2373
914
129
187
722
28
6780
655
1386
99
96
1688
660
4087
838
75
1240
19
1917
1037
40
423
241
850
1053
1821
409
681
321
683
518
128
700
504
1711
429
13
1484
1843
376
1406
592
64
191
777
1896
439
137
86
653
441
706
630
234
256
117
1293
2219
92
316
499
194
18
863
162
1156
107
253
89
284
686
1719
578
623
638
603
662
37
1049
298
264
1545
2879
191
238
234
646
27
167
128
806
772
21
219
415
1127
744
400
620
248
512
1012
691
525
22
308
59
44
779
982
839
186
243
290
972
377
317
2300
42
2208
507
121
346
560
297
209
71
1529
226
63
155
2099
263
351
714
299
626
1830
14
301
4
447
564
766
549
594
1940
323
334
4873
942
23
267
64
145
171
981
1248
752
235
240
1861
7579
198
1185
1003
32
86
58
1154
301
234
1756
398
745
911
948
70
513
279
197
1069
188
2334
168
1602
253
151
411
167
638
422
115
783
202
294
1379
1241
347
81
24
685
114
1971
20
236
779
1089
322
76
846
1702
1379
188
3063
556
112
728
89
690
713
95
928
824
3461
1553
250
210
450
51
240
253
578
152
1640
4443
1481
1759
1821
199
110
132
93
534
846
110
921
1236
894
208
2569
540
42
279
629
241
44
337
326
1506
796
820
17
86
292
1238
561
1289
436
1
865
49
90
860
1956
594
367
421
116
3780
434
289
37
609
754
667
225
3236
267
500
493
49
40
1062
680
57
33
197
59
621
139
564
803
659
446
958
686
187
1229
151
2875
397
12
351
290
379
1676
30
607
239
1450
37
208
245
501
3935
476
827
350
1013
1280
149
571
122
1157
2461
419
932
99
381
253
11
1533
312
1827
10
403
481
1032
96
26
484
214
532
316
1924
575
44
377
650
106
206
487
1056
2482
662
473
70
14
481
280
247
1510
364
524
31
140
284
414
264
285
185
521
351
449
35
883
65
1552
506
3507
83
675
440
386
900
1165
21
162
596
202
257
397
585
388
1214
886
1168
432
1489
1205
1624
3164
424
330
4211
317
2195
144
358
106
3652
437
364
93
1309
63
528
649
326
1058
247
157
134
415
1707
16
179
114
225
53
2
617
1016
28
1362
104
756
70
4119
322
866
186
488
232
1469
2352
975
1712
965
2016
474
224
324
640
1026
1724
262
708
876
296
1010
761
897
30
1057
22
15
44
539
31
405
231
40
211
33
171
72
746
975
8779
579
538
214
441
150
747
1905
182
868
491
34
207
878
539
16
480
231
266
106
434
141
1541
412
2603
332
133
1672
194
200
25
15
293
93
926
337
1315
222
306
807
2417
42
231
1678
49
353
564
731
1911
26
36
106
31
2355
146
330
621
375
6654
874
423
841
445
404
682
765
4822
234
490
318
241
583
269
1074
929
660
1880
432
733
128
321
590
300
243
139
187
79
558
501
673
1152
84
112
501
598
634
74
241
46
98
112
4
317
4439
406
1650
141
692
440
1833
6393
241
394
938
939
784
256
1938
33
1614
3189
1532
11
1138
63
168
1989
560
703
400
317
389
1731
528
533
1437
317
447
339
720
192
197
95
2666
609
1712
22
68
1312
220
3304
3166
2759
1298
1944
1344
67
139
7
693
329
207
814
415
1090
259
497
675
200
1221
69
218
3417
1123
129
1126
17
900
207
217
447
648
585
1534
1245
56
205
59
154
624
1674
725
3782
1601
94
505
147
523
949
947
73
4250
98
354
1665
3948
107
629
4659
723
1083
186
305
1713
379
1043
171
1871
286
637
3782
524
158
55
2612
3726
50
5421
79
1014
890
74
774
943
112
325
496
280
805
1427
707
1164
1380
88
709
38
3543
1162
639
1076
1300
659
594
243
130
455
2780
1572
264
1125
3554
556
838
103
2860
484
248
1701
706
1214
1109
2010
2345
165
1946
468
315
1230
503
110
684
297
72
1247
5
413
309
35
542
629
1969
142
1569
2451
623
1851
55
774
772
603
106
109
435
89
18
486
993
60
846
1120
1439
389
279
1696
3230
123
578
487
3905
485
339
2303
174
1486
2948
557
2004
380
3403
219
454
306
138
438
114
12
824
169
558
206
1973
148
169
46
99
119
1878
1132
476
15
883
1030
625
341
63
161
1046
67
3
100
163
130
455
88
1015
438
4260
79
211
354
892
18
4
1498
253
1023
296
245
179
714
283
214
301
656
583
3956
232
1358
501
1186
1351
176
224
131
611
799
1395
36
422
541
377
628
935
632
220
43
877
3401
1501
793
381
60
367
230
678
622
949
255
632
1187
660
1095
523
721
209
1143
764
211
448
1109
78
1311
68
1182
78
28
229
1087
92
403
2964
434
215
846
203
1996
510
261
1788
413
2042
4617
1292
29
472
390
2813
461
30
198
433
400
2634
155
1164
111
479
228
366
216
3875
655
570
991
597
160
2421
823
412
160
542
259
142
931
1082
1489
205
979
681
2073
1061
364
1276
2103
487
129
182
725
3379
42
1753
964
762
246
1746
64
205
1448
297
1097
737
2112
950
1031
99
1305
257
771
71
394
3137
92
264
110
561
1188
1249
1989
967
418
9953
389
523
1974
38
1489
321
172
1513
326
357
1309
212
109
471
600
207
648
16
1483
240
373
108
778
870
83
1612
203
107
27
512
1726
1137
419
1495
1796
172
771
884
333
294
396
8
1358
278
894
893
3580
449
395
996
493
1022
1025
176
256
152
89
742
1957
895
2488
294
90
2473
150
1064
1822
113
79
2272
869
170
1019
1110
150
538
2598
97
711
4344
253
713
182
2339
89
621
1877
42
2136
542
215
715
149
96
74
273
120
3483
543
7460
495
397
983
740
147
580
2730
611
349
822
747
168
363
1678
286
2259
289
533
43
661
1734
168
697
671
384
379
2745
1003
1275
339
2003
1653
126
377
164
287
1244
88
594
712
198
10
174
390
11
832
497
261
61
2880
594
85
731
208
881
497
408
114
1275
261
187
128
4570
931
368
1619
367
2674
1874
1231
692
1104
650
1169
269
1359
1030
3214
167
519
312
1765
998
1318
458
1905
1090
1333
586
682
1970
725
503
888
638
3744
1337
58
2092
424
675
1078
2202
605
133
350
84
202
2646
549
411
664
3237
275
86
1305
157
23
6808
1078
881
285
352
305
275
169
562
2310
407
271
3763
365
1202
1834
1176
4
330
759
1713
1320
2376
568
172
644
1041
298
1044
4128
854
2974
1056
124
14
652
508
463
840
76
100
39
343
1784
78
638
224
799
33
1013
216
101
168
7149
297
45
94
420
25
228
105
568
62
1272
1249
357
281
77
52
79
174
1857
760
341
392
456
376
212
924
1268
27
93
264
846
485
223
624
616
80
79
7
1679
129
89
209
104
106
66
366
275
1732
634
4817
226
1598
411
3098
770
792
552
2218
136
1369
360
58
987
266
119
3070
678
462
92
620
234
3706
3149
416
965
357
1435
2633
420
349
895
137
2994
1028
253
1140
74
4001
93
38
254
24
408
2635
1115
2919
2142
223
1182
1873
172
38
649
25
57
204
370
291
915
916
37
1305
26
106
383
421
671
539
987
412
75
962
1367
440
117
1988
802
466
9
420
349
6
8
1003
8841
139
344
246
696
116
3439
518
987
649
4
602
275
404
158
1785
1297
541
224
62
2467
64
250
572
550
2496
419
197
445
51
93
1252
68
562
1274
218
2520
174
601
419
127
1131
1041
1653
2736
99
1427
1537
645
267
2674
332
375
2977
373
1904
258
464
1650
1411
877
1068
148
194
1966
56
96
2236
457
2290
418
152
2172
2006
4096
31
657
38
359
447
625
702
727
373
35
272
551
809
231
384
286
1232
48
32
102
415
70
33
278
341
547
1432
330
271
1292
534
324
229
482
57
325
832
119
1745
1747
233
43
254
149
300
657
103
573
205
524
678
2054
8
1658
43
39
642
660
1288
623
217
278
320
34
6121
62
1556
406
585
149
2589
179
1642
192
46
10
408
514
648
93
2023
180
133
2148
78
89
183
7367
197
3493
816
114
676
533
627
1548
65
215
1236
95
3320
453
1798
113
475
648
104
349
1203
205
343
1762
1256
555
1246
1478
1402
17
314
990
1264
1024
99
236
2495
55
472
838
301
69
120
171
572
703
166
173
645
570
23
489
1069
1051
370
3879
456
937
2074
50
2716
64
315
597
355
96
198
450
24
680
203
432
2109
1298
319
585
340
58
1015
32
582
510
1097
216
602
79
171
573
338
234
718
1377
284
1933
732
488
1584
211
149
1863
745
387
566
265
629
200
1031
616
322
110
300
267
292
595
377
386
12
40
2938
189
2387
725
1852
919
722
2657
575
909
269
62
913
674
651
397
1220
482
358
1164
117
264
66
86
233
217
559
34
665
121
269
355
625
1274
369
576
236
156
541
382
1487
47
1653
1098
36
740
628
817
245
555
606
3069
157
512
218
423
425
219
46
156
477
45
8228
230
240
1045
1173
682
325
2
147
36
164
4556
73
960
359
645
593
6207
616
431
50
209
153
603
173
1023
3270
182
920
815
70
1315
81
157
671
606
1213
378
116
128
181
946
24
198
701
1153
193
1646
3110
856
19
307
114
788
120
667
1825
527
601
30
1446
221
1393
1383
453
1761
604
1061
17
23
2714
37
1096
89
521
1555
280
1071
523
446
2741
401
1002
147
695
729
887
495
1406
2389
1240
1218
597
200
113
241
1014
790
1544
367
199
4066
272
1460
1431
1765
212
228
1801
112
835
188
92
117
136
1156
60
465
160
509
577
80
43
2930
840
543
1422
195
1450
686
1412
13
1162
664
295
1133
223
472
115
26
231
460
28
689
3111
1612
982
611
341
254
1228
49
1721
186
419
1939
2131
1009
30
336
145
534
162
1202
191
3818
727
16
354
1183
343
526
583
144
294
914
155
244
271
971
3394
30
138
3536
491
46
1040
342
211
214
22
61
407
327
208
4315
232
341
265
449
1245
222
43
45
634
373
2014
263
84
317
1106
948
277
44
619
123
469
20
459
669
1304
357
103
140
301
111
296
1590
141
428
675
245
26
653
237
560
686
4123
1510
1042
359
305
188
1076
1899
1142
45
1813
418
564
129
2001
34
1044
1042
537
514
1974
968
54
412
40
406
86
163
657
333
256
1223
111
173
61
1370
1508
6986
980
1140
296
178
89
2397
348
6
203
332
2932
693
171
15
212
308
4044
3101
61
58
803
26
640
812
18
257
455
122
278
419
2420
226
82
316
142
687
249
1648
1533
965
263
221
2268
274
1155
939
18
449
936
1485
219
2922
513
394
15
461
270
176
815
684
1213
128
2093
460
737
284
1155
470
763
227
43
1365
927
365
758
89
123
3667
893
147
221
32
2991
516
525
520
938
55
3091
1602
585
102
638
5706
477
513
462
69
181
717
262
70
184
48
47
1099
1883
188
55
488
179
288
517
598
954
1988
72
467
117
931
390
486
1349
2024
362
2491
482
881
9
102
1036
1271
485
2068
1128
1316
484
316
501
2339
2244
681
254
703
533
82
92
1502
895
700
1183
851
9
412
687
265
252
1100
1172
21
190
71
1540
135
152
423
524
522
467
427
33
136
2495
50
315
301
120
1141
41
321
1525
650
69
2317
135
363
1369
511
707
23
6974
935
747
127
412
84
369
390
2658
1454
47
318
3364
452
662
31
781
1187
293
65
1338
707
528
58
312
26
46
397
386
412
4186
17
12
797
402
1167
12
544
471
48
844
2764
288
386
533
13
1069
1129
243
983
752
249
162
1930
1233
305
457
190
1010
285
424
287
1561
220
514
1523
975
287
1297
58
1451
3564
1152
4344
1104
619
763
691
44
142
707
147
1210
493
628
332
569
1198
2804
893
57
157
230
228
86
877
2324
103
403
3039
4326
494
1432
727
4198
704
832
179
1745
1940
137
3965
1774
198
952
871
12
14
604
1594
265
43
536
326
1065
169
73
1717
147
1598
579
58
337
710
252
1123
3157
198
264
459
1035
1305
282
117
1221
117
745
18
10
231
2172
527
135
952
1
1894
476
405
173
510
1477
1813
160
409
963
3936
163
75
1
420
260
754
269
952
899
944
154
86
370
3088
46
274
198
2358
3290
37
101
356
615
1273
1721
1200
389
137
1153
1637
1041
37
424
103
775
9
570
3314
1190
1745
148
157
166
424
317
2198
1255
217
47
133
281
2141
287
518
2248
940
3653
46
1014
1631
222
582
1892
1860
345
1
463
211
8
1323
1101
38
128
274
33
318
1365
2570
1641
1714
57
457
46
2105
608
713
562
1017
1149
1245
122
163
782
20
1197
852
159
405
844
283
103
2707
235
223
267
486
276
686
390
859
164
4
619
139
35
436
1235
1435
296
439
305
856
134
166
757
123
239
642
1142
1142
380
2518
117
570
178
4975
173
782
1731
336
736
280
279
480
462
198
357
5272
9458
100
1716
207
426
471
69
575
255
389
1244
341
1536
1191
794
342
372
441
666
433
197
232
482
277
1271
2591
2928
440
3703
187
580
46
165
1035
9
235
476
1564
312
169
306
270
23
219
1221
513
39
425
207
566
211
887
2029
1222
29
1176
3959
1555
89
798
613
1601
1478
21
1138
640
2931
476
96
300
322
223
6267
48
746
2542
2040
52
427
15
246
830
400
380
922
350
449
639
421
763
361
514
2802
198
266
9287
744
1116
627
56
729
448
311
2932
119
340
4061
7
1353
342
436
321
2371
498
180
142
691
3556
878
1136
51
858
636
662
307
514
222
2529
26
2554
31
1426
933
152
33
99
1921
670
338
1378
795
299
611
2137
877
1302
865
597
286
3019
9
597
189
818
920
155
928
30
378
884
854
59
197
3063
293
143
2157
738
179
21
547
510
1880
322
4084
1390
26
137
736
1116
3725
1107
789
955
1609
1893
1877
1114
1045
199
939
367
66
119
228
2209
962
523
1333
713
279
18
490
986
741
160
784
352
32
1058
438
531
252
145
430
248
256
2292
532
61
184
1125
1040
2588
153
487
231
106
581
375
1146
191
1063
415
1280
93
1304
645
386
85
888
1019
258
513
1139
572
567
169
1236
589
112
536
35
753
75
2448
86
50
312
117
161
2781
44
443
1787
141
618
454
238
299
550
230
569
4
70
44
1019
250
116
258
2147
176
940
1419
536
491
1116
186
1797
223
506
549
61
4052
1431
996
5734
3075
3005
204
969
361
16
2656
5
75
514
825
1640
16
295
699
229
68
463
1123
257
1483
213
190
127
176
574
53
9
66
140
649
287
1241
221
1268
737
680
1576
126
862
168
742
449
199
19
79
2014
647
313
298
20
844
134
916
715
740
362
1672
3293
377
1731
805
3158
185
36
94
888
418
365
1662
235
694
32
538
2048
1572
199
176
392
2559
115
1127
617
576
5142
2425
1862
115
273
129
339
9
588
368
99
636
52
1827
3227
189
15
297
407
323
338
2268
69
1022
11
131
143
149
1383
2655
683
27
316
3699
338
897
182
431
460
298
1618
753
1517
117
40
241
321
141
212
1541
814
682
352
805
325
504
393
209
106
1189
668
504
110
1257
45
1010
967
323
1
526
1751
1923
205
895
582
591
1071
646
375
230
649
849
59
237
215
184
916
12971
3636
2
2433
1225
15
457
633
899
201
316
347
1515
44
142
4148
1209
663
8
343
595
36
305
458
371
78
881
2669
98
560
997
644
76
609
26
1293
614
102
1670
317
675
375
457
1970
924
707
1916
634
394
79
227
1026
1370
155
130
217
592
1603
749
1715
262
954
504
678
1148
449
1827
617
37
147
1550
1649
331
3965
718
180
555
2499
1460
358
410
422
1138
401
122
517
826
511
311
1593
144
230
108
872
151
1730
74
328
1473
165
388
87
331
733
359
1224
50
992
1391
59
284
235
47
3609
599
4364
33
295
1
522
604
312
906
1173
314
137
530
702
3
24
1587
1560
266
46
7791
1842
450
470
493
289
1573
409
1982
1233
2367
534
2444
150
2045
3082
2080
1839
503
193
3139
1135
526
253
223
1929
30
241
119
158
2223
228
619
2525
648
272
1860
166
663
826
1715
729
388
74
2043
677
582
50
437
85
277
356
73
2676
135
223
3649
1293
650
498
271
387
364
797
1402
1129
183
1141
31
2410
300
1498
131
10
122
370
1115
501
60
408
175
551
561
1239
1002
282
269
333
1464
238
534
1265
138
2873
1156
246
131
445
53
478
1795
456
196
522
220
429
4065
1560
2326
140
395
342
318
439
393
1161
684
685
343
372
576
2084
986
852
389
83
315
85
1207
465
311
432
89
13
674
168
512
52
304
625
1225
681
115
853
1322
362
240
728
601
668
177
1754
1
482
4535
743
30
1290
3196
37
71
1266
76
153
3119
340
294
566
283
621
258
4323
469
151
310
1626
424
1316
48
102
1414
124
355
3050
2416
4187
1504
131
415
2062
342
1056
1380
370
652
212
196
227
677
127
712
412
1752
268
1038
76
3713
174
682
55
352
661
2218
141
664
1020
341
3735
1103
934
184
1779
495
154
463
325
185
276
94
2923
1334
288
875
275
1075
118
188
351
1568
449
125
34
214
488
2538
93
1066
655
769
345
467
254
415
171
331
553
136
1995
176
346
2833
162
147
233
3746
142
209
291
1373
291
12601
2122
270
348
1933
203
1270
1199
572
24
2410
991
122
200
440
402
629
3087
220
515
146
955
505
596
9
833
89
401
151
80
437
173
467
368
262
283
159
495
613
205
253
50
169
791
458
20
170
442
500
98
516
412
36
622
914
545
29
521
688
362
369
1030
40
382
6
617
317
2145
59
15
905
629
7
201
459
932
207
353
1120
143
3090
657
360
223
693
1431
2806
1568
1296
4360
300
126
170
209
3497
264
61
264
170
3980
145
109
2168
890
493
713
804
195
1028
803
1187
330
16
1143
663
742
318
310
698
67
102
492
1077
1407
1263
196
354
95
180
378
779
775
298
249
46
773
1130
479
1088
60
57
1284
140
992
82
194
534
459
273
223
627
891
151
627
60
291
270
39
268
199
587
132
272
1868
697
874
35
3823
527
379
351
398
358
269
1007
165
931
341
126
9
505
615
476
695
1664
434
25
443
55
1060
91
895
59
1834
677
267
1619
48
334
107
419
56
747
2088
609
2593
406
309
416
200
172
1264
933
1860
56
133
3309
1341
252
142
5
393
1221
963
627
5710
164
674
47
1126
737
354
1866
673
163
467
14
53
91
3866
1475
548
29
79
1508
376
1394
301
361
84
379
45
406
7
81
145
143
157
210
1489
3843
380
19
1103
128
109
1220
658
673
225
376
3
250
162
2375
513
1114
1420
138
981
306
1430
1456
343
299
112
923
212
40
1772
411
52
511
490
185
98
524
6
719
363
100
4580
412
1280
1451
3388
373
614
1104
21
1046
522
228
88
760
195
1334
216
195
26
1460
1480
2519
1338
696
452
875
3241
527
107
830
1062
1212
216
1045
56
186
490
451
922
142
1226
76
23
165
432
128
3465
811
198
585
2973
814
256
208
216
57
641
100
457
166
630
1814
1265
379
457
109
1967
351
494
220
478
2559
582
29
161
5385
1296
914
3780
245
359
498
472
378
1794
104
350
1310
390
588
3962
114
858
1220
1160
789
818
174
384
2510
1512
548
196
492
327
41
34
176
279
676
693
365
665
1091
2195
1549
119
310
206
1080
78
414
904
670
298
374
1062
34
1009
1069
1154
2301
547
541
1196
283
404
2781
113
229
356
1022
69
1061
583
67
8
176
1537
231
872
1257
27
340
840
1139
933
1745
3
657
107
1153
735
753
230
32
4203
2194
192
504
1040
60
398
1167
563
711
635
3507
57
153
330
1741
500
530
138
194
416
1400
2714
252
1623
407
716
63
437
2396
2464
879
46
112
123
195
1082
190
758
711
393
65
122
132
16
97
2834
522
390
761
403
832
486
4
142
1022
908
43
538
26
1060
1573
881
65
1670
1851
1523
1752
640
142
37
2276
440
196
884
510
527
18
2750
145
1202
488
163
29
3201
1837
223
2147
4554
743
2851
128
484
171
169
541
473
119
791
2028
135
295
301
744
430
91
1516
1513
1737
77
700
725
231
469
125
1445
460
833
441
1255
1495
275
56
115
560
608
4327
1687
501
189
84
610
3785
614
151
580
80
2152
39
1074
3638
1161
1212
682
207
366
448
199
793
1125
1491
261
299
386
735
947
384
843
2674
20
616
2077
1448
402
952
859
445
654
168
431
46
1484
1313
2279
762
1111
235
1315
1143
1079
1942
1075
1991
30
1004
523
668
353
22
104
66
3428
392
184
3808
1756
1238
701
452
234
34
74
52
79
390
12
961
1043
864
87
477
1307
30
1031
447
313
829
660
27
263
909
343
179
644
57
38
497
156
69
162
177
1544
664
131
137
166
1143
141
1818
380
193
326
310
661
15
702
2138
2654
4800
349
659
1304
218
309
1519
707
194
637
2389
778
601
53
539
133
53
248
380
1074
1053
2
547
683
317
477
63
1427
984
2518
39
1860
534
816
234
21
464
2454
980
884
586
843
687
159
1004
407
47
7
278
1209
4773
2158
1302
3772
3110
51
1614
194
764
357
1681
1932
25
1217
246
872
779
74
598
75
2970
328
286
1271
46
198
492
52
48
21
803
311
1041
1248
12
409
582
1101
2309
99
471
783
182
522
20
351
611
3529
1274
1744
11
1409
816
292
423
341
566
816
813
33
442
23
38
424
370
86
1804
22
268
400
835
36
290
1384
3404
69
450
566
802
573
461
110
927
641
54
241
191
253
1156
784
90
1702
3203
459
464
290
271
133
118
1542
309
270
1344
219
104
4980
8
1155
1413
1069
46
4797
1869
750
30
708
233
64
327
753
415
31
2353
2841
2775
180
2192
64
609
5105
34
167
1245
573
110
465
168
1210
432
61
66
594
835
324
3724
32
167
310
3484
164
135
605
3667
1611
160
3607
895
2851
30
1676
1109
2336
280
1031
71
200
503
453
437
378
95
1424
926
736
2337
949
190
163
39
192
121
175
240
184
794
3731
197
1128
1092
509
36
569
384
529
2401
23
1719
177
413
700
328
357
238
458
870
988
218
440
212
85
274
7188
152
23
100
7
726
296
222
104
46
250
1342
280
663
1102
1409
115
102
654
1279
1172
1343
344
623
286
2156
84
116
6
1309
1426
1789
253
747
87
1406
223
2029
71
276
1317
517
67
87
137
57
1230
7468
170
2293
232
62
25
59
190
234
22
314
179
4478
183
803
520
106
2489
535
2112
355
81
173
181
399
399
1059
96
481
420
88
153
3644
1702
2720
385
693
4225
2863
1736
355
167
382
392
162
19
646
89
258
498
1927
1005
589
689
102
2635
316
388
481
486
134
669
202
1122
188
1885
314
446
68
1184
1622
46
4475
418
22
253
181
737
363
639
1063
441
478
141
22
244
159
83
527
728
370
1237
1816
22
719
149
1234
471
1203
825
721
126
66
1592
95
118
217
281
672
991
431
19
645
412
129
186
909
697
62
6
150
1082
1093
188
308
1186
3284
974
570
1190
150
511
657
1716
2468
1696
34
535
25
1446
256
525
558
650
15
939
225
2626
102
1250
407
189
529
665
80
1246
392
22
111
119
995
903
260
361
66
245
400
1411
127
1791
829
184
1262
380
889
669
431
2622
1363
330
1037
392
456
945
78
434
127
241
913
563
107
679
926
43
1486
252
1082
26
1776
78
41
521
968
198
500
120
257
959
2384
103
3461
140
62
15
3789
113
322
596
2817
3530
3129
709
97
2287
2361
140
959
1240
232
1178
88
89
1478
42
427
988
618
391
568
109
162
1011
678
437
655
217
325
319
253
789
1267
6410
598
3698
137
446
43
154
69
710
1104
107
30
418
245
405
575
668
267
143
233
1007
627
438
1134
235
251
23
1059
8
1578
854
14
509
1581
1233
2255
1554
2368
393
508
2573
1428
226
192
475
48
768
138
236
255
652
104
239
655
7183
92
1003
623
2344
1433
57
1321
718
127
785
214
177
1760
560
56
1061
1821
907
231
1416
53
1554
791
342
129
167
161
248
366
1018
5301
597
452
202
1856
964
531
1270
103
70
181
792
17
54
290
201
1719
3467
640
1052
1694
2097
187
1189
2907
559
2863
472
1541
1960
207
794
287
572
77
225
944
610
237
23
5604
80
142
548
363
11
207
651
813
135
265
91
2466
184
177
1795
910
1894
642
297
1852
5140
1381
7146
72
2381
992
4838
72
312
814
2264
420
2137
281
311
727
109
1836
459
433
147
835
420
565
339
6766
1061
436
97
1631
805
1700
444
398
332
5
1847
198
5193
417
86
1267
40
106
871
353
15
21
977
294
6
403
430
1071
189
296
1721
103
231
693
10764
1910
354
155
125
44
375
112
714
158
1019
272
746
349
179
130
1157
3146
1728
2903
6242
1262
477
52
2958
1981
96
592
95
536
1122
1905
372
811
173
219
1155
587
402
171
65
103
477
626
139
645
37
53
1006
352
130
442
996
707
376
1219
305
594
1049
75
447
369
2370
98
598
5391
2821
1955
239
114
634
1
592
21
4937
352
329
250
1497
150
502
44
571
1650
1194
376
64
3872
328
893
931
940
58
167
253
907
543
23
70
1828
142
325
600
565
236
72
498
461
97
1712
4389
7319
66
1562
1
195
680
563
305
498
288
54
480
905
1314
860
257
234
156
51
772
20
97
264
118
312
42
123
312
1287
803
56
187
318
34
114
273
1002
231
96
1104
562
1217
872
37
312
1526
159
611
240
548
1051
199
239
295
334
421
468
407
945
901
514
1461
382
438
697
660
111
2297
1305
665
175
1298
111
298
1686
740
672
432
284
248
8
3116
154
686
832
1795
19
50
684
41
239
325
455
85
112
532
232
562
1284
737
858
407
76
1151
1559
1011
995
1097
673
679
227
791
820
670
751
1397
701
1330
21
257
328
6078
4794
838
265
376
519
114
728
14
125
603
1351
866
175
718
359
1221
4
33
120
273
944
490
444
877
1169
155
106
616
628
481
252
170
2441
788
241
894
65
1303
516
1477
31
205
86
2657
149
182
898
1694
15
196
206
51
3231
1916
224
194
491
2605
519
358
81
271
142
33
1344
796
2
192
4867
2199
2694
259
706
200
32
748
1045
800
148
115
1156
176
52
370
536
871
862
1063
106
1815
706
87
602
707
48
1973
379
463
60
406
467
650
217
373
101
228
710
264
738
477
2048
225
460
629
179
129
7
38
953
225
1874
59
1273
972
1458
1700
38
638
127
547
787
20
93
91
1050
79
126
192
774
430
537
1608
4484
1748
297
2128
61
92
1211
171
139
777
932
12
849
47
127
1538
634
1
96
41
4047
673
1533
22
1719
534
82
400
1433
305
170
2891
334
609
277
279
601
38
557
72
552
775
1844
1089
2151
994
396
1134
33
6886
508
82
2865
162
444
232
196
2929
139
25
115
2364
143
856
74
255
433
118
47
1270
365
161
141
602
1152
858
591
113
143
427
777
483
163
829
3803
95
109
967
831
354
92
74
104
255
1781
140
644
370
640
6960
245
137
1289
629
186
9
2296
3304
402
143
1372
661
562
1547
659
934
291
33
1319
73
258
2419
121
306
94
454
3156
118
288
38
57
2324
59
519
101
154
108
982
364
233
1939
53
229
17
40
235
1004
906
207
3824
578
259
81
1013
15
1819
1226
50
16
1306
179
220
136
214
169
114
179
54
82
100
1848
256
749
958
27
221
189
392
1394
2145
1334
39
63
679
761
376
1
110
250
273
141
56
565
1406
728
1392
30
1368
357
224
829
32
420
620
14
287
2527
278
870
542
3684
1525
1289
2354
5909
232
1847
365
539
868
179
284
407
386
162
49
411
173
1065
329
29
101
1787
21
2
165
46
217
599
1574
365
59
235
118
2625
148
322
1339
403
210
27
431
103
111
393
1314
1226
4655
3864
592
6131
3
405
5042
79
4148
74
3163
1603
199
1373
1005
70
334
842
761
155
280
1550
90
861
391
567
504
77
254
2434
284
293
832
383
699
678
435
53
48
57
146
258
109
306
3007
843
159
249
216
179
927
322
1086
62
51
420
37
482
152
293
267
125
167
964
363
530
158
550
226
388
2235
730
1442
735
2286
97
334
838
190
1116
191
1279
446
734
566
1788
2757
103
174
2988
463
115
930
495
228
1866
234
209
120
6
115
342
4439
190
333
70
179
146
675
614
3053
274
261
214
1188
546
351
360
201
687
108
272
224
890
5584
133
115
339
10
1465
548
2796
41
241
2066
1968
4010
199
96
219
538
1285
314
993
138
80
133
406
607
535
610
729
2939
763
396
141
250
230
170
1310
2278
814
460
69
919
4210
463
137
2016
183
360
7703
1731
1316
895
1265
1118
287
705
672
86
1581
514
247
2038
2644
6
140
781
42
139
1357
1101
142
308
2258
437
1049
592
284
22
87
1412
438
1312
4
304
1629
275
431
3817
834
322
426
105
338
223
968
40
285
768
360
444
2605
107
280
337
1057
6
71
614
1945
430
715
1415
538
12
7
951
4067
701
346
169
71
956
919
324
106
27
217
461
330
355
51
43
2790
216
366
1227
5143
368
250
1391
430
383
2671
729
643
1800
855
181
2057
527
613
666
251
335
21
297
900
876
93
6469
190
175
459
469
920
1038
104
9
274
311
541
1416
9829
305
306
746
907
531
47
5023
1014
255
737
128
544
2170
196
23
40
991
744
10
750
1216
492
350
238
1602
1349
163
284
886
832
1776
6799
733
784
1359
36
964
485
668
103
419
34
50
3164
59
99
7
28
798
401
1511
328
246
480
1386
365
118
1996
5040
191
722
3310
2132
633
2828
326
16
1171
99
2066
600
209
77
1237
123
385
7
412
174
766
595
245
76
562
3615
172
218
96
199
208
1754
219
1445
9258
3190
1839
58
145
311
1821
343
37
117
769
2354
261
1024
131
2066
180
350
1171
109
221
1086
266
457
183
167
105
582
253
147
557
91
29
435
408
414
10
653
1276
1085
1429
4599
4449
1513
257
180
14
379
611
535
130
1159
1806
1639
111
134
548
1398
4517
872
416
323
2206
22
631
3697
397
109
896
2445
608
263
262
1903
533
658
720
570
404
518
1778
24
77
496
634
572
598
749
316
640
14
389
999
145
80
425
260
1077
650
2055
1
1850
304
198
212
6
33
57
1550
339
86
312
560
990
1245
658
41
4
440
298
130
267
64
83
476
1584
198
539
989
1168
491
252
1278
54
736
504
1197
387
1612
908
1790
1364
108
1699
113
185
465
244
210
108
692
1286
1165
632
473
913
31
2749
696
487
886
295
511
576
517
140
584
1225
562
19
625
650
116
69
1033
304
191
35
147
941
149
4096
430
1495
1478
1336
967
458
727
868
164
778
1312
79
1968
156
857
216
48
422
499
76
353
1595
256
639
256
572
639
305
111
409
1408
1213
1654
285
311
479
830
1339
2454
1555
369
166
831
249
673
314
119
276
43
1524
68
718
119
653
1689
557
26
3529
390
713
166
1491
4333
956
138
36
85
430
2237
514
482
257
750
71
642
102
55
50
333
447
881
1283
593
554
137
163
136
1088
3247
25
224
507
106
188
463
733
986
429
105
95
728
890
657
402
416
3111
20
43
4825
211
249
388
201
1120
198
442
2019
3786
523
626
3691
114
323
219
338
143
159
196
789
1785
14211
1173
7
185
119
491
1977
14
112
2601
1060
349
916
243
110
863
364
1535
1844
254
1630
2128
213
342
1570
802
349
402
1284
537
1208
1034
39
1297
266
628
1879
20
35
1058
87
41
470
2743
547
41
294
20
95
107
650
1425
279
126
1615
300
871
1105
102
279
1859
178
45
1125
408
5236
28
71
1
1144
779
2345
1383
584
10
812
599
90
181
2453
1156
63
54
182
282
136
886
174
299
1109
303
213
1583
1258
171
435
917
3244
125
602
190
518
153
833
729
169
66
263
904
2261
138
197
706
201
187
6
377
1295
191
146
828
3526
684
184
1993
1138
965
359
236
3514
1014
2680
258
46
400
3261
2331
403
680
2933
140
712
2000
623
97
340
1441
8298
906
410
786
545
182
432
582
854
389
507
340
824
869
193
2787
125
169
172
41
655
142
2301
173
239
436
330
2228
165
437
392
1101
101
597
54
284
2028
805
475
2375
830
133
1528
328
76
241
716
612
577
666
1178
321
96
773
268
1550
493
701
1387
249
1830
620
532
623
416
496
156
1416
433
140
2242
962
81
955
1012
88
394
1280
77
1102
1239
339
1024
230
146
610
569
81
695
268
1433
588
38
63
226
255
654
237
419
421
439
182
88
783
142
1668
215
1561
192
649
605
874
714
78
1219
118
265
756
465
240
2941
268
3262
215
229
75
433
392
305
195
728
316
601
136
35
1007
925
865
141
262
1061
237
1738
594
1318
933
2104
616
255
919
310
435
236
318
181
489
19
1666
856
22
381
372
93
383
145
395
1533
2352
118
46
346
498
85
75
301
1123
3858
1026
226
2064
118
248
2117
239
412
169
228
2042
64
116
329
62
275
1671
789
2139
183
3171
280
1346
1293
890
655
932
702
42
1631
1529
650
1124
630
434
119
683
3184
984
760
512
80
286
4022
535
2351
281
2283
176
131
668
416
314
194
30
253
43
649
208
48
109
305
941
543
207
981
123
1948
1428
220
2337
36
141
1006
587
660
667
2786
1716
492
368
1622
808
2589
197
8
397
508
929
780
143
146
814
29
247
9
114
160
372
2775
8
1087
800
278
23
674
262
697
547
578
171
643
125
858
421
321
969
566
800
72
524
17
44
889
915
541
3166
624
211
1994
1123
240
23
1429
693
111
257
775
687
662
660
1515
206
195
1114
534
335
823
290
339
73
26
437
151
1024
111
149
247
49
819
161
562
315
4
34
868
212
805
385
663
293
3807
3617
3283
357
585
624
311
175
177
208
470
149
196
287
1378
1050
535
308
443
173
732
407
240
331
1086
1216
458
69
1999
2741
272
1627
1054
1563
596
1619
85
451
115
1762
2066
231
212
649
84
751
1902
165
740
83
14
4163
125
560
201
450
20
431
127
344
271
650
95
850
33
2292
659
217
34
819
796
2261
1239
1051
526
433
542
1161
74
328
401
183
5736
929
1120
1486
105
315
7201
58
163
213
236
758
476
1185
2581
670
398
1048
336
420
413
164
555
307
274
852
91
206
526
1960
970
763
68
613
8964
2449
6585
216
382
493
81
1376
207
108
148
503
107
377
1643
31
1327
106
280
1870
510
2132
1145
1342
780
1194
58
549
417
119
804
1074
75
169
894
48
448
551
1335
989
35
134
446
437
44
838
2685
404
323
561
76
908
177
895
252
7533
893
180
16
9011
59
2537
2296
132
1137
485
204
50
708
59
579
206
96
2360
212
534
298
598
54
832
238
1892
1512
11156
428
138
610
636
376
1445
33
351
497
219
417
982
43
69
565
1
390
1088
1227
96
161
359
534
3592
1556
76
568
81
1024
508
1391
768
73
30
621
1652
263
65
80
169
9682
3322
314
159
634
398
352
386
418
559
619
684
93
149
997
125
652
2554
1989
176
635
28
407
316
521
43
257
1013
183
191
4257
54
111
1746
5
52
228
1912
55
859
213
750
101
136
223
1164
984
104
729
378
581
1686
357
1084
527
4019
401
4551
99
1441
1800
392
680
466
885
173
265
271
190
358
209
2752
1459
688
884
296
209
160
1238
1493
1854
432
1454
597
1133
85
1964
28
673
838
314
450
81
1646
35
361
514
349
222
368
890
731
147
627
1873
765
163
2254
48
68
2053
1105
169
49
329
1151
880
326
322
2751
6549
72
999
588
1540
230
524
885
88
1390
233
771
124
4441
312
488
230
752
223
56
2046
65
2436
744
354
87
1251
307
125
21
38
878
415
409
242
805
272
856
995
425
236
110
655
1021
176
1826
540
1240
48
15
138
207
78
340
467
70
1195
3985
775
520
38
1261
217
223
146
1938
604
2358
32
178
614
2545
242
2857
191
347
918
1605
73
357
227
151
962
588
312
237
6
1533
502
103
14
2070
148
1
390
51
1992
503
1449
104
322
1958
633
468
250
240
447
681
1111
725
267
189
2153
1310
265
401
289
889
55
2
1827
64
1145
337
863
354
211
942
543
129
1946
209
924
375
113
240
399
208
762
2155
2215
2633
1037
150
99
247
138
399
734
1444
930
394
385
489
32
167
725
279
46
720
333
13
885
614
1632
1279
3420
8312
2191
4
410
297
279
484
300
2355
27
166
773
899
735
970
257
585
742
8119
243
57
230
544
2156
239
683
145
914
1729
801
234
460
340
1134
385
1269
10
79
650
6025
561
215
883
2162
135
533
302
730
126
2081
3975
1691
33
510
58
147
336
2747
637
1914
430
554
1357
750
724
166
341
372
331
363
1264
492
1066
1736
1435
818
1381
129
264
33
113
217
315
391
1197
478
1957
423
732
3466
449
736
194
2791
32
572
2930
68
4328
155
197
72
259
150
733
595
266
187
1554
150
490
722
1073
1670
334
170
505
4962
1767
9
299
119
1772
1830
908
2997
435
814
507
1106
111
31
77
877
59
528
2079
130
698
67
1782
1326
7311
385
48
648
689
232
90
73
141
537
549
761
353
181
805
216
222
756
418
806
1061
225
397
3118
197
369
414
54
288
32
1021
39
109
100
265
633
607
516
1000
1462
1707
3397
820
456
366
690
1875
180
371
415
1463
1909
650
584
876
410
545
501
28
80
239
4888
436
76
342
537
179
690
38
219
3248
242
2077
86
139
700
428
1363
244
126
283
107
4
4125
573
472
1872
400
282
438
70
696
155
370
48
1610
6
5160
270
276
166
184
876
27
234
10207
33
252
297
549
1621
268
31
213
1068
382
198
220
99
1110
1785
458
93
95
1890
177
2201
1099
41
155
691
1272
735
504
9
1342
554
118
1884
2469
789
124
564
368
108
22
1334
1446
457
4
306
272
1596
1521
59
788
166
648
224
22
110
187
151
592
1511
1920
57
154
1797
196
341
1841
470
38
41
996
190
163
97
110
657
418
163
173
91
193
319
1021
916
88
615
233
1543
360
373
195
197
651
585
87
28
421
791
460
50
95
232
3
544
674
1762
920
140
2019
70
266
284
411
143
3427
592
1920
9399
99
1039
510
66
451
1045
540
777
127
2276
626
390
1655
480
295
1910
149
204
612
116
70
1057
3092
1282
506
373
627
685
599
363
383
210
140
34
352
222
9
456
468
646
974
260
304
250
477
1659
1091
525
92
2290
204
226
172
548
872
1548
2028
204
244
1880
864
1104
21
189
87
470
15
639
2210
252
203
26
1177
756
1466
500
105
344
266
850
687
822
25
219
1444
1074
381
1537
1010
35
529
453
1274
392
2472
562
451
583
9
276
1120
2320
274
1282
1814
93
451
1532
423
241
989
114
634
839
189
716
662
1330
1378
524
24
87
132
33
50
586
16
121
155
833
290
835
213
212
185
433
1104
1206
550
196
759
144
777
100
1353
75
142
462
1510
13
670
2003
1092
1394
187
2270
155
2236
131
1845
431
705
671
1404
2201
298
3121
23
419
510
7
212
717
83
67
357
343
2840
525
135
89
59
394
204
1221
1
945
272
47
257
82
587
296
125
233
460
1101
83
1939
778
710
978
215
3235
235
55
542
409
601
26
2424
64
183
727
1211
139
767
986
310
166
384
95
213
436
473
376
185
1565
464
51
690
586
270
415
2245
128
774
100
4296
153
1313
1356
527
1251
691
221
96
587
88
118
262
752
2793
1393
323
188
600
480
105
151
615
629
5459
637
1684
3013
4564
628
1362
1138
67
505
1668
115
200
200
1271
250
1004
784
1229
649
199
24
440
2006
1650
1392
49
965
1949
1038
28
595
74
448
733
276
2361
533
996
167
1030
589
703
315
771
60
269
180
66
302
2238
64
172
753
201
407
226
1488
405
173
138
862
345
2218
595
1341
499
939
2010
359
92
1401
674
379
16
559
119
63
2421
212
660
168
261
1159
387
1977
441
34
583
37
2530
467
1440
339
180
4806
327
2431
1213
244
10
574
2344
98
344
738
809
3398
186
1515
1543
27
559
1184
45
150
60
7
127
3347
835
38
1515
467
162
523
1618
1217
1911
364
467
54
334
1346
1761
2707
1652
291
244
3
58
1460
2206
1314
809
235
1489
731
563
135
3933
347
128
945
173
4
1440
211
165
221
477
483
399
355
801
2774
189
52
1050
266
2490
2238
116
42
2916
186
54
310
943
20
1395
296
37
2913
424
253
486
1192
1066
121
1312
992
2177
242
978
836
839
710
199
729
477
306
212
261
413
290
587
692
269
1461
4747
215
72
914
57
3383
383
2023
2455
1653
670
489
99
613
3689
314
466
600
489
1597
736
729
2742
485
212
16
1658
326
130
609
607
2012
2232
1082
51
1033
107
910
112
672
581
937
1174
752
556
60
1271
1031
137
342
232
278
604
442
566
106
642
4061
992
47
1888
761
456
231
2464
889
450
235
11608
158
1514
167
341
1245
20
657
116
21
170
2174
719
54
895
152
883
401
140
544
369
253
2342
1572
44
207
142
273
190
180
67
292
676
254
424
835
1128
1089
304
943
151
595
1007
108
1450
213
627
32
153
1091
906
6877
137
71
1019
69
1949
1435
347
2022
729
106
1996
63
655
871
483
562
1527
160
37
181
3064
118
914
1141
71
135
690
1322
280
1037
1753
2362
1
80
2768
1314
499
165
1067
158
79
193
191
851
8878
444
3471
208
189
163
628
136
373
490
171
466
383
181
433
1263
1113
581
101
127
28
75
326
221
841
103
13
6059
912
351
394
188
1236
329
187
268
25
574
395
213
4716
47
123
158
123
151
447
21
1366
72
2288
2375
1441
2747
828
1514
310
72
687
378
130
75
2425
605
1640
2479
79
346
359
320
208
114
217
761
13
48
608
1444
5423
510
324
140
71
370
31
2309
126
423
1988
1010
73
856
383
607
1091
2788
416
246
620
180
506
267
242
163
411
631
3129
329
1055
6575
202
3075
483
470
440
354
618
932
53
2790
467
296
850
336
927
81
110
232
471
938
2013
347
55
178
1967
489
917
609
95
237
322
648
363
1819
813
488
2830
114
400
184
429
398
482
2750
41
1344
4310
1575
828
369
113
2033
2654
1909
910
21
272
892
471
4477
953
2579
7
86
311
364
585
2700
1045
382
464
1601
474
497
1900
893
769
702
43
762
1370
148
1499
223
841
24
125
89
378
127
156
482
291
1780
3075
1771
2822
1
356
86
80
727
361
803
345
731
453
384
604
852
227
72
1002
118
891
78
100
420
1097
105
1083
1328
35
458
180
324
550
1011
1325
1530
640
28
2036
316
310
648
1052
15
121
87
1100
2350
83
103
658
643
1113
1030
130
652
695
175
1921
2650
2210
84
6
429
23
163
1248
86
181
721
717
198
77
1412
1162
132
331
883
3263
670
2
865
322
1156
1189
155
1681
114
3523
426
3654
470
813
131
77
628
405
1652
1202
518
3365
1038
2600
882
1566
158
615
7
263
1271
82
232
1546
1609
512
666
576
144
176
5679
274
488
1148
490
40
2115
308
1308
289
456
1221
1740
65
928
1566
1271
336
859
102
1280
165
170
296
126
209
443
698
570
2
788
2290
162
42
785
1103
1568
129
1285
1003
871
174
2372
397
613
168
792
2647
1348
256
825
871
161
832
413
1813
28
1034
3712
852
507
539
286
437
124
772
337
971
171
726
312
1609
966
714
436
2335
23
323
333
631
246
4500
1814
357
4161
60
191
3688
312
22
336
285
456
876
968
231
135
353
2696
1674
2423
1277
1156
4955
145
537
1190
66
1012
1385
21
1559
1649
579
396
2080
309
24
466
57
749
180
1135
896
672
92
22
79
8
311
2325
31
203
2891
1831
1436
59
353
235
578
649
62
1626
136
227
96
95
1729
1832
1558
581
190
75
607
1254
2618
15
414
498
346
924
84
976
231
372
33
89
680
654
311
547
3348
362
103
48
142
553
255
2159
156
1606
4455
86
101
268
940
678
6853
249
9587
218
182
141
181
911
343
1222
291
7213
410
871
1075
693
29
181
10681
664
924
437
70
1316
426
926
3085
1641
18
639
1432
9221
538
65
298
329
724
415
382
438
1166
40
441
66
764
177
941
1199
238
45
1245
234
56
1468
59
215
1466
16
749
334
423
244
1034
108
1134
454
1682
562
227
637
125
4172
184
336
202
1583
552
907
4514
473
1537
97
192
67
177
826
278
1300
548
1755
1092
277
560
77
7
272
2412
1910
200
437
328
473
646
117
285
773
317
714
796
1889
28
199
639
632
784
1980
1904
486
652
1143
384
2990
94
317
513
39
146
599
460
291
429
527
201
789
119
1363
477
64
527
717
1622
877
698
1974
1634
54
565
346
367
1669
57
161
1175
49
190
99
13
209
38
1170
110
450
1171
1430
563
380
7395
294
89
6
26
153
57
223
258
710
165
1343
57
322
1489
1354
629
418
514
828
102
186
1093
258
144
38
915
397
810
13
913
2110
461
1019
2697
285
139
54
120
251
383
524
993
73
448
379
205
105
1261
805
285
3549
4
147
31
124
571
313
33
3625
809
510
207
167
246
1357
1230
649
2297
136
693
325
842
4641
837
1636
1498
354
2447
1418
1847
490
78
926
330
433
99
13
268
492
382
159
46
719
2872
71
545
374
171
258
68
103
5260
398
1210
329
79
86
1072
144
564
472
1289
64
371
101
281
417
123
1646
146
203
792
760
106
429
800
3075
436
879
81
200
73
231
1392
405
623
860
2711
113
144
703
1035
37
1223
719
296
811
222
1600
91
41
474
367
1276
2108
110
5093
512
548
3368
38
2846
40
52
392
378
521
4835
459
352
62
225
869
1896
504
700
55
805
81
358
119
3127
103
873
218
634
293
460
695
152
28
20
213
484
299
1344
1569
170
2741
11
342
533
42
247
30
1121
2085
250
974
1379
553
164
21
1002
162
277
360
349
1945
2758
545
445
19
149
388
2354
698
352
2847
430
257
821
269
1265
568
1738
1078
519
2113
3226
123
1097
37
202
157
337
95
1010
1013
16
2738
2897
99
1290
404
159
4327
1690
322
710
1764
152
221
211
1268
513
11
24
292
428
309
249
106
970
1111
302
856
366
266
1474
1934
2793
310
253
721
165
1090
644
66
354
678
208
1154
476
681
14
188
39
666
285
70
407
1426
597
595
2308
3816
517
515
2703
9
63
78
4176
205
75
62
203
451
773
378
616
904
2538
1050
3421
2484
360
124
235
345
59
2032
2053
2855
1541
1484
922
411
103
431
