1747
223
2174
103
65
48
1244
82
9
451
1664
3085
288
451
185
2141
530
204
382
159
113
1175
373
5
468
489
297
150
203
1469
375
3
882
821
211
930
333
949
160
532
1589
2489
2
165
728
1337
154
2
758
1213
1740
7079
8075
355
288
1
227
1221
337
3700
1271
597
516
536
365
1605
1132
89
1341
22
5
455
164
508
247
3837
101
828
477
230
377
419
322
87
720
148
1216
9
743
1618
1132
863
19
247
798
1406
7
21
600
486
823
172
744
964
560
1050
26
36
1370
301
878
736
147
3571
269
163
646
1792
2365
612
621
1251
372
4724
170
2448
1069
3079
2290
283
661
16
273
1665
1550
1287
1347
5814
736
78
870
152
434
464
97
5233
468
488
832
6
3001
1925
170
474
150
43
188
528
1454
722
378
295
455
190
405
69
134
719
941
84
830
10
1413
256
56
602
1116
64
2939
1377
4249
4822
1080
6
611
171
458
213
60
387
203
1210
326
1092
876
4901
303
74
13
98
646
165
790
343
501
131
478
427
119
2153
873
217
188
8
971
658
113
23
977
947
660
7
146
657
758
742
346
357
252
56
1041
206
934
111
1057
606
184
425
785
1939
639
844
2592
216
2213
764
72
24
2253
164
703
743
561
283
263
552
137
238
211
749
617
1349
459
436
1618
80
4055
930
241
797
40
377
189
1726
137
179
1
386
416
286
1065
768
340
649
3064
2254
1241
283
171
976
638
214
847
252
3081
1712
63
195
1276
925
1484
257
39
389
90
60
65
457
343
506
768
632
754
547
280
493
112
372
775
54
518
5337
1309
3006
784
256
93
116
874
701
1653
2656
73
319
2365
5367
94
771
394
462
1
17
108
138
97
295
2553
1033
692
51
113
693
179
479
758
1021
626
858
1324
308
35
170
850
142
2378
64
522
1602
3438
1449
1094
636
2312
288
673
2283
156
491
4573
3158
185
272
2619
711
3041
1176
1423
409
757
41
306
984
17
1066
981
883
688
1259
626
156
563
2414
500
415
2195
1673
1660
391
211
30
431
220
194
212
289
134
1494
12
1771
77
451
69
908
811
1665
1056
687
156
152
547
174
2652
60
2048
392
173
125
515
1
114
12
983
473
173
265
805
235
461
115
1719
151
142
930
408
619
554
986
612
2
595
305
36
80
38
2192
276
396
3
253
4825
194
619
133
349
422
155
441
366
45
57
1514
202
2
199
364
5067
3739
1703
487
340
1085
19
172
84
2853
3
462
48
1020
469
1000
342
606
465
1052
941
1654
31
47
344
3177
50
1332
1881
11
905
2268
2490
733
240
1057
362
9
1677
636
870
404
119
1096
72
206
520
244
357
2119
339
426
375
335
218
192
33
225
4327
1008
1
20
219
1033
799
79
5029
706
568
464
3650
820
717
416
1129
1701
80
168
1229
768
473
1346
14
48
367
30
1305
286
72
206
1366
63
40
2140
67
727
77
5448
1907
682
343
164
191
671
1951
3537
3514
1728
29
245
621
259
943
172
2769
366
21
1642
1350
2738
507
188
429
967
989
951
1285
748
121
99
4467
11
1463
1131
539
157
1252
65
40
198
596
397
619
1316
75
168
497
189
736
345
93
2560
1001
204
1245
701
308
570
750
1250
62
425
588
2330
10
356
187
335
35
694
363
4744
493
218
214
522
24
1222
311
691
1192
107
1885
335
527
2586
1054
134
1759
192
612
32
1024
332
2686
153
244
401
539
267
802
1272
3414
1908
377
214
451
310
1416
177
106
1289
563
656
84
595
355
803
1631
139
18
256
544
221
894
896
281
1287
161
512
795
650
134
71
4971
570
606
260
1101
198
97
2315
1142
258
65
539
17
4728
614
995
237
126
1387
880
2770
1285
24
1056
2
1757
1115
15
668
126
919
1603
1896
454
638
495
495
159
132
808
256
1135
499
1
1217
2044
610
1202
423
47
67
869
1509
237
242
190
590
485
522
336
182
641
108
924
2333
180
110
496
207
1
521
174
935
72
263
26
307
479
1677
513
459
393
678
793
1
1265
352
433
1135
1778
198
219
289
1073
8
96
109
734
888
7
207
525
1039
549
322
619
112
593
949
600
590
51
444
61
63
648
907
877
196
247
253
935
284
322
2130
12
2386
511
86
349
822
435
132
59
1341
553
143
135
2330
329
391
791
157
254
3113
2
169
14
262
780
694
224
540
1683
511
385
4875
1279
179
206
135
82
144
796
1239
644
248
132
1681
5901
285
1214
545
1
4
60
914
121
197
1527
463
555
765
901
78
591
406
341
1199
252
2516
118
1533
330
370
589
535
634
248
72
838
51
226
1347
1630
179
116
1
642
105
1501
28
398
424
1536
347
111
1336
2091
1182
159
3311
675
17
737
67
607
586
103
744
841
2753
1243
139
179
580
57
301
247
473
161
1032
4280
1373
2345
2164
276
57
177
90
370
656
129
1864
1564
721
152
2240
552
242
391
751
249
159
295
321
1570
629
1050
1
152
305
785
755
1091
268
1
1090
96
117
581
2210
563
390
622
86
4798
395
63
39
600
801
648
159
3975
414
648
398
4
17
945
707
90
1
210
26
800
107
487
762
387
274
922
847
276
1286
140
3315
253
11
328
210
355
1340
14
453
179
1796
45
113
723
413
3818
376
611
420
1171
1364
76
707
68
1130
2989
380
1078
148
556
131
5
1381
381
1532
8
184
407
1185
22
12
337
190
778
248
1540
369
81
447
321
5
113
278
1457
2230
1011
403
58
1
424
246
26
1042
377
351
28
95
156
265
274
267
159
402
307
423
107
789
17
1621
375
3657
66
818
717
272
535
1803
69
181
932
284
176
117
399
514
1011
869
1004
639
1506
1147
1961
3594
436
164
3861
354
2383
161
119
142
3468
405
549
140
1863
51
531
604
318
1599
170
74
156
515
2149
4
337
51
210
47
2
656
929
4
1080
60
708
33
3056
254
746
131
514
200
1710
2204
1183
1899
701
1037
393
147
132
486
807
1140
152
626
897
201
1091
1089
771
12
1299
8
1
73
385
9
280
233
9
250
76
58
8
913
1189
6395
610
338
251
392
107
775
2265
123
1039
478
1
179
864
344
68
994
254
199
141
338
62
1797
244
2858
239
86
1404
166
143
31
13
475
157
638
336
1151
244
432
483
3159
22
48
1702
133
332
1126
574
1530
5
14
103
60
2158
87
159
720
488
4985
786
350
844
612
68
861
1021
4260
329
510
343
167
683
540
1367
983
782
1715
298
425
133
150
365
411
258
72
219
140
454
436
530
650
68
69
585
459
598
66
265
69
123
209
63
220
2734
237
1316
83
334
420
1294
10441
226
410
739
985
773
503
1727
48
1544
2538
1608
2
1177
27
72
1916
400
810
589
295
333
1688
575
288
1327
403
119
522
821
290
227
103
2308
443
1986
48
57
1269
228
3769
1988
2907
1309
2246
1340
20
381
1
935
352
183
636
186
1413
108
375
810
237
1478
94
140
3347
1823
34
993
69
976
165
19
505
721
826
1999
1574
142
221
36
165
494
1845
543
4054
1383
104
389
142
399
619
1226
55
4742
120
336
1632
4023
91
695
5252
837
1450
179
305
2566
339
794
239
1171
270
419
4714
424
176
161
2564
3884
56
5230
53
1176
1163
55
790
1151
88
202
751
194
923
1637
809
905
1442
30
577
116
3609
1004
973
1316
1191
697
772
75
20
314
3383
2007
169
1064
3728
633
1235
8
2211
442
245
1900
712
1824
1131
2099
2503
273
1877
541
427
1297
433
200
535
204
88
1335
31
253
333
23
469
568
1611
46
1261
2414
531
1965
20
1147
712
460
125
136
457
24
29
466
823
93
1143
1122
2368
535
365
1545
3296
137
423
482
4012
424
44
1766
37
1485
3211
596
2833
426
3603
201
484
378
87
319
190
18
837
286
533
275
1558
57
61
40
76
115
1689
1221
363
21
1639
880
656
195
82
371
1060
234
1
122
268
6
497
60
896
578
5101
127
376
607
1042
27
2
2048
269
742
358
304
329
675
241
366
360
747
702
4141
304
1456
252
1362
1217
540
234
112
554
1014
1379
140
230
387
382
690
677
626
233
5
687
2482
1533
559
647
45
264
333
613
692
864
148
547
1443
508
1035
465
936
276
1340
629
628
293
749
298
1264
45
989
39
3
101
825
25
545
2346
230
96
723
298
2270
501
150
1879
399
2317
3115
822
55
589
456
2755
228
46
188
371
319
2590
101
1128
181
391
50
415
110
2963
439
457
1147
643
114
2352
843
661
234
577
155
111
462
990
1225
167
930
520
2126
972
397
1275
1933
505
226
155
643
3081
18
1796
1456
1206
144
1705
10
273
1184
206
998
412
1818
633
1686
133
1216
332
500
75
483
3290
54
310
109
527
721
926
1754
791
325
9566
473
364
2227
21
1237
338
227
1310
336
456
1622
271
129
654
748
328
558
1
1377
189
603
16
560
1217
19
2287
296
113
15
514
1846
908
521
1512
1401
535
699
773
388
395
358
2
1302
262
718
742
2992
257
327
1192
362
1083
826
185
92
189
41
823
2410
779
2249
360
102
2465
117
1248
1947
68
75
2461
673
303
1104
1156
93
403
2914
200
806
3485
158
936
196
2255
101
718
2060
100
1325
493
91
562
240
132
63
208
145
2989
334
6624
458
534
1063
614
77
609
2959
825
287
589
859
129
306
910
334
2447
112
339
120
617
2117
194
941
765
404
182
2822
732
1364
376
1545
1930
180
333
145
212
1365
72
738
976
110
2
262
468
8
1002
517
250
54
2134
443
101
495
344
1150
393
354
73
1463
437
242
108
5426
1037
491
2086
191
2303
1864
869
830
836
272
930
190
1579
1117
2267
194
374
374
1509
730
1515
173
1479
1154
1432
719
409
1582
772
857
787
492
3509
1492
81
2497
211
682
1753
2122
432
51
257
105
130
2049
340
453
332
4179
286
78
1228
173
17
7747
1193
489
167
337
302
278
126
725
2459
401
346
3543
436
2672
1753
1259
1
299
1024
1579
1173
2782
522
149
528
835
288
1175
4131
924
2647
1051
205
22
854
400
439
684
127
198
1
363
1697
150
793
233
626
66
1266
208
96
202
5561
223
41
63
545
9
239
11
586
155
1205
775
183
328
40
14
51
56
1960
743
262
287
494
304
196
1018
1279
26
138
858
874
338
97
653
571
124
65
5
1641
139
112
187
207
96
140
357
419
1633
481
5049
287
1118
472
3612
853
540
534
2473
88
1015
308
2
1294
298
66
3426
1188
546
70
543
93
4318
4166
557
601
567
2363
2715
265
124
740
169
3134
743
166
1300
24
3821
60
8
125
93
268
2716
1135
3395
1471
68
1311
1751
251
35
1021
50
89
103
417
249
866
827
46
1793
46
50
45
310
553
396
1014
680
15
1045
1544
431
137
1719
869
294
58
399
463
1
2
917
7680
126
313
199
663
74
2989
354
533
769
2
615
378
404
90
1632
1136
573
74
90
2788
45
333
471
581
2183
375
256
743
3
134
1552
40
524
1003
156
2049
248
600
331
79
1622
1023
1332
2925
50
1141
1520
535
286
3080
428
407
3182
239
1974
246
731
1384
1250
546
1110
19
191
1912
17
62
2017
297
2675
450
85
2342
1280
3852
16
776
4
344
347
435
700
525
272
41
284
388
848
548
421
303
2640
41
35
156
427
46
22
441
229
596
1715
178
247
264
521
238
183
441
104
120
758
101
1929
2203
117
8
243
67
144
662
119
508
232
449
624
2337
4
1285
21
26
876
631
992
56
281
359
150
19
5186
19
1231
364
423
127
2087
154
1741
254
116
47
358
629
781
175
1860
284
152
1990
66
87
271
8243
33
3105
662
29
328
502
291
1200
77
257
1023
194
3702
857
2047
3
238
637
162
222
1523
237
181
1296
1303
834
1590
1561
1205
1
333
761
919
1277
92
190
1951
58
285
831
402
52
76
200
747
906
155
265
588
524
9
487
686
1261
194
4358
584
768
2274
23
2772
70
272
434
415
67
203
246
71
681
194
489
2320
923
239
553
178
33
1200
2
546
490
1348
337
670
41
151
711
455
150
737
1004
280
1657
779
388
1888
214
199
1698
830
426
620
411
1045
170
1043
735
106
167
141
253
186
546
344
382
14
239
3018
104
2320
822
1022
1709
714
1945
612
818
216
130
803
525
547
309
1207
472
258
1221
72
241
337
86
284
161
568
88
977
61
310
505
575
1340
395
496
206
330
560
503
952
4
2219
551
17
765
513
951
169
902
427
2968
396
526
228
493
388
182
14
194
607
53
6966
400
302
1160
1236
658
275
1
48
249
259
3226
117
749
274
449
517
5372
732
553
31
177
267
457
197
1204
3630
35
756
444
57
975
148
248
626
660
878
374
89
55
160
849
38
140
648
709
200
1436
3426
449
1
268
160
995
185
537
1921
507
898
44
1396
68
1851
2426
559
1811
332
937
14
3
3461
1
1418
138
388
1713
310
934
531
394
2432
391
970
189
576
542
723
576
1152
2716
1413
1277
439
568
70
243
1087
675
2714
498
201
3380
287
1072
1093
1788
106
249
1671
124
909
235
71
131
130
1808
63
458
138
548
503
63
52
2893
738
460
1089
187
1437
1000
1623
3
736
825
413
825
122
595
330
6
73
346
51
545
2981
735
663
557
324
229
1649
21
1812
295
560
1011
1830
874
26
316
149
375
306
1454
224
3174
657
34
422
1928
405
462
566
211
243
574
180
205
225
1004
2726
111
123
4136
613
22
1162
250
253
259
3
27
1042
487
262
3397
99
230
341
407
1534
236
45
24
554
327
2387
595
95
307
2015
926
253
12
760
24
421
1
465
404
838
709
34
37
239
108
175
1461
108
431
465
260
1
638
118
879
652
2520
1227
690
388
360
129
1238
1076
1177
49
1595
501
673
173
2165
18
1270
1536
427
961
1744
686
45
443
30
462
122
83
417
119
189
1050
75
192
77
1257
1417
5151
883
1132
289
200
29
2334
228
1
166
95
2386
592
143
96
117
316
3760
2382
14
58
1020
79
883
970
4
302
460
119
446
443
1925
424
80
346
205
658
271
1126
1028
591
209
70
2039
215
1520
1080
1
545
984
2102
210
3137
338
363
1
544
157
146
841
533
917
146
2157
587
1125
298
1611
412
553
170
24
1307
743
633
596
42
138
3527
1021
260
422
3
2924
774
967
253
720
135
3941
1311
419
101
866
6744
311
522
416
22
130
709
166
126
221
99
7
1046
1645
193
88
457
140
263
463
567
784
2516
64
893
111
1304
551
673
1382
1559
387
2814
575
881
33
53
1378
1601
325
1916
942
2455
650
241
187
2125
2094
683
146
768
498
137
46
1456
1275
867
906
1040
22
636
308
415
86
1199
1028
38
102
62
1707
107
168
263
563
87
495
350
6
71
2422
64
259
342
184
932
7
410
1197
595
324
2670
211
588
1879
315
1305
8
6651
1103
731
71
334
145
506
455
1976
1261
43
264
2724
310
731
15
996
1109
187
9
1423
387
603
41
339
28
74
251
354
579
4231
1
9
771
240
1204
8
647
453
12
1444
2624
393
338
725
1
1091
1110
291
860
668
250
158
1556
1324
263
809
273
1165
216
340
194
862
198
668
1652
1020
534
1233
34
1992
4338
1124
4221
1126
568
696
433
50
296
538
75
1568
869
858
250
729
1447
2670
930
86
180
172
174
134
972
2119
161
352
2936
3482
213
1568
418
2974
897
539
525
1298
1640
124
3484
1979
182
961
671
5
4
417
1581
175
34
313
468
1319
206
62
1830
83
1416
566
32
289
833
195
929
2753
333
406
216
941
948
438
112
1294
99
529
69
15
219
2396
557
248
774
1
1443
460
470
121
310
749
1309
114
456
1101
3925
187
161
1
421
312
989
102
1191
960
1389
103
111
231
2403
87
298
200
1882
3572
32
52
463
514
1609
1655
1240
467
128
874
1870
902
22
347
70
720
1
540
3214
1537
1448
154
155
88
468
869
3480
1156
156
35
26
273
1830
242
575
2104
1085
5334
137
847
1750
337
589
2177
1307
254
1
434
190
25
1885
1254
6
163
289
78
244
1058
2266
1825
2105
58
515
78
4677
828
693
615
685
1353
1415
81
166
759
32
1263
1166
195
246
959
436
33
2493
278
266
227
417
224
771
366
730
180
3
576
102
18
489
1113
1118
90
344
308
1647
343
217
663
113
277
550
1315
1786
286
1877
19
671
85
2715
32
941
2482
127
758
162
341
397
503
275
192
6361
13172
81
1707
298
402
409
82
451
196
164
1942
449
1696
1045
858
247
427
195
616
734
187
346
660
269
1691
2631
2696
470
2665
98
590
56
97
634
8
121
553
2155
198
48
313
418
13
205
1076
625
12
530
159
434
107
720
1754
927
8
1333
3928
1417
29
907
611
1849
1445
45
962
208
2801
468
53
364
484
289
4490
5
866
2196
1664
158
291
80
224
891
526
487
1150
429
417
715
466
634
747
476
3889
243
229
8729
643
1350
607
88
314
382
190
2533
212
80
4170
142
1306
235
202
313
2297
434
119
115
947
4764
948
687
10
488
596
2069
140
316
275
2581
27
2419
50
1350
734
79
14
188
2088
503
509
1307
1147
341
533
1910
656
1430
932
471
250
2821
10
570
370
874
619
114
789
19
395
1106
779
14
245
3486
311
107
1990
721
223
13
599
152
1980
471
4595
1490
22
160
908
1070
3783
1109
255
662
1483
2295
1992
823
1651
89
742
352
46
115
758
2750
909
586
901
616
391
1
804
844
813
123
427
185
2
1306
727
555
330
94
291
230
131
3203
529
23
17
1021
980
2517
91
447
232
69
694
191
1122
267
1047
257
1230
59
1626
266
435
163
618
801
246
460
992
317
973
400
1236
618
73
599
52
875
111
2230
92
31
273
166
128
2508
41
326
1691
55
475
349
255
445
824
211
606
1
28
94
564
297
92
274
2311
102
1033
1497
531
699
1035
226
1752
163
682
783
70
3547
1078
1580
5632
3041
3154
118
1054
577
1
2089
4
180
428
858
1693
15
89
474
216
26
575
1144
286
1314
146
114
170
152
480
11
4
98
332
711
263
1034
164
1736
620
517
1273
18
686
532
739
596
173
12
145
1909
915
404
206
2
804
217
918
519
700
326
1259
3573
435
1291
774
3359
111
79
42
769
368
438
1069
206
388
19
563
3155
1689
302
122
341
2227
84
1225
495
606
4073
2389
1147
103
383
98
404
14
709
404
393
662
23
3106
3232
335
3
293
620
305
377
1705
53
978
18
101
89
134
1103
2432
690
52
571
4539
258
1109
117
471
520
108
1531
767
1310
178
43
194
229
182
65
1574
945
618
93
863
172
951
399
172
52
1176
536
266
159
1384
4
1068
1270
370
1
518
1892
1970
198
787
957
784
1187
679
422
242
500
829
97
330
388
72
724
11510
2944
1
2603
913
40
528
617
1082
296
359
459
1745
22
66
4469
929
774
3
201
451
2
311
296
513
194
780
2047
86
314
828
722
110
386
8
1563
866
24
1501
409
662
683
391
1868
1032
637
1836
341
741
114
246
1261
1116
128
95
491
422
1588
575
2415
211
1174
258
724
1016
410
2502
470
7
269
1970
1691
273
3659
562
195
341
2194
1564
622
472
447
1113
537
124
442
747
540
436
1621
56
433
100
911
194
1940
117
471
1628
235
338
17
123
652
139
1103
122
695
1607
206
168
272
42
5046
774
5471
69
310
1
519
686
682
793
1690
227
95
337
1114
2
125
1883
1067
218
9
7506
2371
354
405
163
80
1552
397
1541
781
1818
535
2575
92
2511
3301
2107
2223
737
197
3389
1016
470
262
173
1734
13
279
21
59
2644
298
504
2647
638
232
1898
170
664
1536
1908
588
402
265
1895
701
593
19
239
146
270
250
17
2766
37
73
2763
1171
344
530
720
267
577
596
2259
683
128
944
26
2818
375
980
71
23
142
167
902
462
28
309
141
500
445
1165
563
255
273
293
1601
186
207
743
172
2840
1070
212
50
365
37
679
2283
481
263
273
190
337
3626
2051
2085
322
495
360
326
585
434
911
653
484
344
271
804
2449
532
841
816
42
141
74
1252
364
292
327
32
1
733
403
637
34
176
817
1466
560
12
962
1163
769
268
725
649
616
206
1857
1
487
5293
802
4
1324
3289
8
172
1205
103
148
2250
787
355
966
142
706
264
4130
302
132
236
1227
397
1054
5
36
1223
205
442
2892
3160
3237
1586
174
412
2582
297
841
2429
974
479
243
190
222
623
39
766
298
1938
177
962
36
3995
139
748
47
449
562
3486
171
684
1166
816
3388
832
970
102
1613
874
192
295
301
201
175
151
2544
1474
111
1038
47
585
88
232
199
1612
680
109
113
262
611
1720
160
1178
382
1028
153
262
249
321
168
320
825
145
2257
84
350
3010
129
175
233
3486
31
103
297
1300
226
13409
2075
370
581
1991
493
1434
1561
619
26
2012
1044
141
184
419
593
602
3238
322
643
243
1023
471
614
18
928
54
252
136
136
535
208
777
321
191
247
70
678
410
199
320
67
22
1111
271
9
147
332
549
124
457
481
27
537
1472
441
39
416
482
563
526
1359
5
391
24
599
150
2614
93
8
677
545
6
84
585
978
157
438
1056
137
2398
581
395
272
699
1270
2162
1497
1278
3848
276
90
118
97
3104
233
66
222
654
2012
22
113
2281
564
541
602
597
227
1245
765
920
309
34
1123
462
806
332
426
225
2
178
256
916
1225
1347
96
326
107
156
777
759
655
270
471
27
857
904
827
1325
103
35
1248
131
824
104
35
491
583
216
216
440
437
185
464
68
342
166
179
204
43
408
89
435
2175
666
1089
138
3664
555
321
421
347
306
341
1124
133
1029
480
96
34
521
518
594
670
1308
414
8
379
19
825
139
1244
7
1453
276
351
1855
64
450
249
389
50
278
2188
373
2858
347
203
281
78
125
1747
1279
2131
22
44
3687
1361
253
137
2
414
1356
858
602
5221
129
625
40
1230
788
333
2434
620
332
464
12
13
34
5128
1408
321
5
10
1300
376
1303
175
348
148
403
7
429
1
75
218
109
155
206
1696
4638
332
8
1126
80
47
1049
385
903
114
524
16
115
179
2229
526
775
1180
143
1034
456
1430
1263
267
490
174
741
217
21
1733
327
8
244
527
154
111
515
1
516
302
102
4598
476
1897
1379
3076
444
189
1145
3
925
710
514
137
735
137
1514
88
193
19
1562
1570
2333
1433
546
453
1185
3559
410
113
694
815
1510
185
1080
75
94
544
498
573
151
1105
89
7
328
341
62
3626
786
266
463
2562
905
241
143
198
26
762
99
621
184
565
1709
999
473
332
61
1126
477
461
208
508
2111
440
124
169
5183
1780
1015
3541
346
497
572
571
501
2010
227
703
1567
383
665
4134
7
730
893
1023
804
1034
191
345
3027
1150
865
279
504
520
18
16
177
212
885
858
572
694
980
1952
1413
155
182
135
1018
65
417
1094
620
348
575
819
56
1012
818
1176
2705
773
123
1114
198
437
2597
104
179
438
727
77
783
678
48
6
237
1090
337
722
1009
38
198
800
1024
538
2062
7
651
126
1349
752
725
179
97
1998
1925
155
193
1316
176
510
830
652
921
657
4200
216
339
490
1592
790
358
71
126
777
1798
2675
302
1522
498
552
105
367
1778
3445
936
33
123
89
183
1058
219
789
922
379
40
106
97
22
123
3982
517
293
679
734
517
623
1
124
665
973
156
1168
36
2370
1563
969
37
1238
1596
1345
1985
499
109
92
2368
630
213
848
708
550
64
3049
95
1042
536
263
55
3132
2300
291
2167
5050
607
3337
146
478
96
109
384
530
238
896
2306
206
265
189
501
423
36
1592
1814
1628
19
729
729
161
493
150
883
432
626
186
964
1351
292
64
119
545
527
4318
2178
358
254
11
583
3557
637
90
404
108
1909
11
1185
3215
1262
1115
708
209
472
477
82
951
1000
1570
267
189
482
458
870
410
795
2779
67
321
1983
1985
481
936
770
255
495
117
525
19
1269
1291
1730
1265
566
244
1147
833
1170
1535
983
1871
10
1104
632
989
397
17
18
90
4089
551
337
4050
1649
910
785
402
156
4
49
59
68
137
10
814
1295
954
54
807
1335
26
796
268
336
1042
1025
24
387
1497
314
107
238
44
50
410
84
56
233
71
1341
538
91
15
153
1193
149
1699
498
134
592
371
839
79
772
2826
2961
3747
453
543
1293
100
181
1377
591
475
520
2232
946
488
29
330
137
12
296
1276
1245
893
1
276
359
267
759
38
1761
716
2473
27
2253
516
852
231
24
516
2238
551
1019
351
913
741
24
1368
393
69
33
174
1750
4237
2595
1116
3500
3321
3
1744
319
791
179
1947
2233
3
1632
234
1208
648
35
465
14
2314
180
85
1398
43
155
277
34
48
4
686
257
1185
1302
5
429
606
873
2004
79
602
537
223
497
1
261
652
3070
1131
1309
28
1235
1171
392
470
384
200
845
848
2
314
10
4
540
569
103
1793
15
376
825
314
67
342
1248
2932
22
557
333
728
745
488
44
987
491
62
275
144
357
1389
858
54
1721
2997
224
569
246
174
151
173
1437
408
359
1444
518
130
4497
17
1562
1467
795
39
5298
2072
816
37
791
157
61
360
505
512
25
2644
3222
2273
180
1956
36
664
5095
3
88
1123
480
56
465
343
1880
256
85
17
666
508
161
3697
10
307
254
4348
395
122
707
2784
1607
225
2404
760
2613
18
1329
1643
2483
142
1332
66
66
647
447
618
269
30
1295
739
550
2575
585
210
50
6
112
57
232
45
281
601
3899
218
1060
1035
333
8
279
366
520
2662
20
1323
99
482
208
265
685
299
809
736
722
162
610
115
73
433
5422
47
25
69
1
741
381
237
89
44
164
1104
304
788
936
1608
126
137
629
920
1195
1139
361
600
195
2150
118
91
11
1687
1404
2026
184
603
110
1490
143
1851
47
431
964
743
47
114
58
158
1344
7563
143
1537
173
1
22
66
166
320
130
450
138
5009
95
941
451
128
2270
603
2120
379
312
205
305
277
323
958
117
319
355
27
191
3983
1510
2931
635
819
3962
2832
1738
495
93
354
422
220
7
465
219
230
547
1610
1299
298
400
27
2248
238
411
501
410
122
883
104
1106
226
1540
224
506
29
1615
1522
14
4275
498
16
271
75
638
221
832
494
288
539
106
7
170
74
79
496
451
270
794
1589
78
582
258
856
225
1234
1369
777
139
6
1707
63
130
412
168
559
971
534
9
815
583
228
286
682
486
1
1
259
1458
1147
333
223
1325
2699
807
630
1519
219
439
602
1690
1892
1816
31
610
61
1650
254
684
575
1001
10
1070
299
3303
115
1109
236
125
368
548
67
1390
349
2
137
85
920
712
144
442
29
168
275
1326
84
1266
737
377
1391
430
1761
869
159
2417
1514
701
1201
361
347
1124
108
434
48
285
1667
521
10
711
1024
65
1413
218
973
10
1511
41
19
693
679
264
602
11
316
838
1959
100
3779
165
48
19
5642
49
208
461
2386
3126
3030
604
17
2987
3019
142
937
1020
174
730
76
131
1300
29
477
1380
659
279
475
168
149
1853
946
285
594
260
327
272
213
819
815
6388
775
3534
143
592
2
88
19
660
881
168
14
389
230
444
569
504
477
69
173
926
563
674
1297
387
221
4
1065
19
1989
639
24
396
1787
1067
2469
1397
2240
287
485
4689
1389
80
288
639
7
319
97
225
388
805
127
221
639
7390
76
1261
531
3703
1692
34
1734
1424
230
842
227
137
1583
546
19
1013
1743
830
207
1190
69
1611
1087
501
73
91
100
270
338
1003
6061
355
560
360
2658
832
338
1507
22
61
148
510
1
61
460
282
1952
3246
604
724
2041
934
85
863
2836
457
2846
392
1435
2136
241
808
237
1162
58
174
729
552
409
10
4870
48
355
305
1090
2
201
759
1096
96
271
150
2853
301
71
2059
965
2183
754
226
2830
4658
1523
7629
115
3412
1009
5526
4
103
837
2038
269
2058
458
281
347
164
1373
349
502
161
1155
323
1100
270
7996
1443
480
29
1485
764
1767
508
240
143
21
1713
358
5577
235
95
1309
26
102
635
497
12
6
862
109
1
352
595
1305
200
343
2242
61
96
739
10289
1980
255
102
258
3
411
90
913
98
1037
99
949
319
230
23
1189
2795
2108
2232
6078
1249
678
13
3180
2809
114
443
36
614
792
1454
305
1257
174
143
1229
401
242
71
23
108
465
634
98
353
54
85
431
257
93
222
978
843
525
1191
250
394
918
92
392
383
2339
54
474
5087
2532
2189
213
212
594
1
592
10
4857
335
348
194
1360
222
466
120
696
1703
2449
400
26
2551
236
745
801
722
75
34
172
1377
635
44
91
1713
52
320
442
61
274
35
942
610
104
1791
4400
8427
28
1842
1
270
567
458
495
477
356
132
506
678
1194
960
148
298
31
19
656
1
128
63
142
456
21
102
295
1557
983
141
168
200
25
105
321
1466
153
51
1174
494
1280
913
27
285
1562
57
1014
251
402
1394
369
159
347
641
871
769
485
1215
1173
516
1647
408
448
301
566
14
2384
1365
716
171
1746
21
314
1765
670
1116
76
501
91
11
2070
94
353
650
1656
9
13
304
56
157
130
379
41
106
646
83
857
784
1109
1011
589
30
902
971
1277
603
853
811
695
160
737
1123
470
670
1543
844
1169
1
244
252
7247
4845
755
223
411
484
75
669
25
330
556
955
1118
224
575
223
516
23
64
103
275
940
401
370
532
539
238
32
389
420
600
193
99
3793
1076
275
711
90
1560
326
1342
12
17
124
2848
56
37
777
2098
10
239
77
35
3493
2771
188
372
459
2544
946
327
98
411
85
5
859
843
1
242
5019
1718
2987
163
418
265
26
1106
653
1091
160
174
930
217
67
168
271
741
828
873
98
1885
671
78
532
774
6
1537
428
208
29
349
471
441
366
375
68
283
811
142
479
100
2047
310
376
584
154
123
5
63
774
217
1132
33
1090
1015
1803
1571
11
553
164
412
768
36
144
109
726
162
159
147
1462
479
655
1662
6412
1556
294
2514
54
39
1194
294
91
815
1474
11
724
51
29
2595
602
1
97
8
5477
606
1542
65
1674
240
83
372
1650
336
286
2357
414
721
416
370
653
45
1045
92
269
741
1202
1431
2849
875
351
1309
13
6661
625
33
2664
203
409
320
80
2475
112
2
34
2176
140
730
25
119
410
131
48
1090
891
189
109
526
1132
955
459
38
75
544
738
351
167
938
3695
260
362
615
1016
469
172
55
2
576
1590
116
512
388
693
7106
374
147
1280
408
201
6
2559
3897
381
161
1418
477
610
2426
645
1213
470
30
1100
71
436
2219
155
304
131
445
2651
67
99
19
137
3114
38
573
99
194
63
1070
291
136
2377
8
140
20
46
172
861
956
210
3033
440
204
106
645
39
1720
1669
39
12
1194
154
296
86
39
159
45
149
75
19
130
2210
74
537
1304
4
137
149
397
1623
1898
1216
19
29
1141
730
399
1
109
291
164
163
17
460
1259
447
1271
28
1645
228
170
685
41
460
547
4
216
1298
40
1030
333
2953
2493
1674
1658
6679
172
1859
155
944
742
93
105
309
279
194
48
268
174
1173
275
1
309
2010
89
1
40
187
92
469
1452
552
41
221
171
2696
143
2
1100
318
240
48
368
69
119
502
970
1511
4061
3920
401
5207
7
217
4902
39
3717
13
3853
1514
225
1561
854
36
291
719
863
126
238
1702
295
762
607
628
484
207
346
2099
394
317
800
325
912
716
382
53
43
21
180
206
113
274
3667
1659
128
271
146
206
1115
505
1150
86
21
564
28
416
194
191
216
74
136
748
436
399
144
515
294
430
2237
800
1146
782
2289
69
462
641
148
1169
144
1240
259
469
715
1714
2669
120
125
3411
455
255
1245
302
195
1934
225
220
178
9
188
355
3753
222
578
238
168
138
712
791
3407
314
400
83
1068
969
392
245
113
604
221
236
382
775
5126
73
163
379
4
831
1097
3606
39
206
2347
1423
3759
181
20
423
480
1186
98
1197
72
51
135
654
558
376
976
573
3192
744
433
159
263
376
143
1331
1931
1142
401
94
947
6437
242
181
2372
197
396
6384
1496
1690
999
1096
1127
716
833
609
52
1745
413
255
1861
3004
75
64
847
92
85
1325
1002
126
512
2529
187
1766
621
146
2
95
1407
344
1069
1
511
1152
208
334
2916
977
235
699
110
230
206
980
61
300
841
584
388
3069
86
570
327
647
4
91
568
3435
178
760
1202
534
9
7
844
4072
890
368
318
117
1189
761
888
12
28
178
262
592
439
34
23
2371
118
392
1216
3687
384
494
1293
390
312
2106
717
604
1534
744
112
1335
1286
655
572
113
300
309
342
1086
1034
126
7171
156
158
348
396
1066
983
48
32
240
1080
496
1962
8331
212
361
830
803
402
40
5302
827
178
1131
49
345
1760
228
27
76
816
450
9
755
1404
458
120
154
1518
860
368
323
642
836
1893
7741
741
940
1156
4
995
524
947
107
583
56
41
2468
53
140
1
45
978
159
1723
121
289
448
1623
555
86
1581
7372
301
876
3295
1451
504
4162
631
1
1060
223
2172
929
172
66
1123
86
307
1
368
78
778
703
215
159
451
3855
22
234
132
255
288
2106
157
1220
9574
4630
1893
44
123
196
2099
539
9
60
837
2102
224
749
110
1378
80
392
1059
20
323
1083
283
236
104
228
81
539
180
335
563
69
32
139
866
778
64
1007
1400
1198
1289
5085
4373
1891
429
225
39
188
643
437
146
1400
1823
1071
90
62
689
1086
5203
921
302
361
2917
20
664
2634
447
48
726
2636
351
302
264
1771
595
517
654
709
471
615
2189
7
22
676
424
440
975
774
227
741
1
360
1017
162
51
484
327
908
558
2250
1
2030
282
168
408
1
35
10
812
368
224
279
740
1220
1352
488
102
1
326
331
66
642
90
82
565
1931
294
706
978
907
418
224
1787
80
596
897
1114
204
905
844
1530
1335
95
1959
113
231
336
233
108
32
599
1571
1307
647
393
1059
10
2717
909
630
873
90
371
449
429
100
734
1073
615
4
547
642
105
34
460
395
98
14
137
808
56
3863
488
1138
1477
1287
897
306
561
535
142
672
984
105
2255
95
1305
272
1
291
785
92
322
1398
134
963
406
625
416
248
167
242
1232
876
1450
406
237
575
905
1745
2044
1342
608
121
346
370
352
165
149
197
60
1232
61
608
290
902
1312
1089
70
3363
237
344
144
1817
4794
970
99
24
37
317
2129
228
481
233
869
68
450
61
250
100
429
508
564
1418
590
489
110
164
115
2449
2595
18
118
622
156
210
617
850
940
458
198
20
550
1164
830
448
357
2627
10
29
4615
704
355
327
80
1280
44
362
1705
4273
507
539
2900
193
109
187
448
152
465
179
723
1441
8653
1333
25
248
91
222
1449
3
78
2028
1044
488
599
276
83
983
490
919
2052
242
1417
2265
238
244
1235
664
460
259
1205
426
1004
1211
62
1786
173
666
1777
1
18
729
30
2
467
3071
312
6
171
28
5
74
243
1872
404
130
1445
179
885
880
106
277
1778
159
156
1416
459
6364
111
52
1
1099
699
1860
783
229
27
868
770
60
57
1688
1063
54
13
133
276
108
799
148
218
976
427
237
1632
1584
282
314
724
4392
78
593
88
571
93
573
835
179
91
131
1391
1915
93
153
324
136
186
3
407
1541
674
96
424
3562
863
101
1566
855
1533
218
194
3323
810
1670
217
116
261
3148
2746
494
775
3325
20
718
2836
722
232
178
1623
8437
894
210
794
363
308
362
812
1005
208
460
344
765
699
122
2298
54
191
177
35
586
128
2213
119
274
276
215
2175
153
417
403
1139
56
235
54
358
2572
795
653
1984
954
164
1705
755
37
354
931
511
666
247
1676
801
98
806
333
1547
455
815
1294
170
1861
566
294
538
487
299
127
1453
503
194
2218
761
50
1026
682
25
239
1189
60
1056
972
224
1084
189
108
668
706
121
731
183
1915
612
22
83
228
113
669
157
387
482
366
669
106
718
122
1662
249
922
199
414
482
1142
852
219
1302
113
306
703
400
105
3316
243
2874
299
179
28
324
352
190
186
714
411
272
114
45
1178
785
721
144
340
1353
72
2114
637
1322
1116
1662
341
323
1093
375
351
203
325
182
555
23
907
798
44
458
580
73
228
50
362
2076
1821
138
24
528
332
81
60
303
1079
3857
1342
173
1824
67
114
1633
315
489
209
155
1642
140
170
236
34
433
1679
1165
1757
140
5636
369
1302
1253
947
825
854
481
23
2317
1611
1075
1191
532
242
58
651
3209
1021
678
378
64
274
5402
697
3290
269
1803
215
84
426
727
205
202
5
150
20
499
304
77
90
404
800
496
128
1008
119
1516
1372
183
2164
7
153
577
601
865
475
2535
1527
506
600
1106
807
2206
114
1
353
425
1368
802
129
69
677
8
195
9
152
111
467
2088
15
1458
744
347
46
610
357
778
287
580
190
611
10
605
312
325
1175
399
531
67
589
2
82
1293
1592
835
3106
297
186
1252
1094
458
2
1822
519
6
100
944
684
618
1031
1656
513
110
1554
498
271
909
229
523
89
15
590
47
1149
52
148
184
23
754
106
503
718
5
86
1010
58
713
421
914
162
3494
3943
3768
281
658
890
271
275
252
323
483
154
339
232
1832
1186
781
438
401
69
332
277
262
460
1370
1381
477
120
2200
2922
162
1344
768
1783
461
1729
81
550
129
2058
1486
292
230
448
13
576
1935
40
789
47
1
4189
106
464
195
505
18
529
198
596
267
395
34
907
45
2229
408
209
8
593
826
2107
1335
1083
568
402
538
977
39
358
357
283
6042
1173
1058
1308
85
242
7146
58
102
333
102
732
498
1419
2961
654
759
859
279
275
461
137
796
328
176
741
5
287
591
2386
1874
527
16
812
8615
3097
6022
106
522
461
77
1344
154
185
297
378
395
589
1298
46
1335
17
370
3210
434
1517
1066
809
642
1067
1
676
502
73
583
1050
99
56
459
112
360
629
1148
1438
43
106
172
458
46
1012
3022
249
341
680
99
930
97
634
312
8413
1412
185
26
7441
34
4878
1677
141
883
402
193
23
1017
72
521
327
117
2734
89
749
234
737
43
1164
318
1789
1933
7795
550
128
360
717
642
872
53
248
379
158
294
899
82
97
560
1
332
1058
703
90
108
312
401
5139
1741
123
551
299
1011
504
1356
506
36
7
462
1551
212
147
121
240
9630
2859
333
278
548
472
423
408
410
561
305
542
53
10
930
73
896
2164
1876
155
795
1
274
357
404
154
139
1331
162
86
4781
54
265
1541
10
36
158
1702
55
836
225
507
56
81
125
1055
949
86
383
180
857
1568
319
1279
469
5024
499
3690
108
1153
1965
497
724
290
936
86
226
387
158
227
343
2211
896
745
1052
488
134
181
1551
1412
2122
304
1676
399
899
187
2084
29
991
879
343
575
113
1323
29
276
572
374
298
286
726
1347
242
638
1512
886
28
2721
8
75
1907
830
180
52
260
926
390
232
300
2564
5471
100
991
909
1626
249
711
1037
58
1573
185
809
283
4413
406
853
339
523
149
61
2548
106
4448
769
366
21
1471
325
333
15
46
413
483
533
333
552
126
752
936
450
265
97
633
1339
10
2455
695
1397
58
2
164
151
37
211
485
28
1203
4169
797
525
21
898
180
203
45
2633
554
2196
39
324
532
2036
181
3061
179
431
746
2132
118
387
388
120
1033
949
252
191
61
1854
781
35
26
2208
182
1
458
12
2064
1064
1266
194
193
1974
768
698
400
191
362
537
1175
565
327
217
1917
1733
204
352
448
798
31
3
1729
68
884
205
640
242
384
1004
319
33
2761
214
1282
269
154
197
557
132
677
1631
2247
3719
1336
112
160
207
103
391
875
1555
1019
447
555
474
44
89
824
176
18
685
181
2
889
549
1266
1368
3742
7310
2670
39
375
301
268
617
606
2258
40
218
888
1430
363
1610
218
273
1032
9772
181
4
219
382
2177
216
873
160
874
2609
621
270
297
239
950
451
1030
43
80
454
5354
455
121
1172
2132
294
581
471
820
56
1777
3562
1514
17
919
69
129
290
2329
654
2037
407
697
1663
529
578
149
428
629
140
398
744
115
1432
1302
1543
766
1093
131
185
31
118
267
393
328
701
400
1892
469
1484
3791
551
1091
229
3282
19
751
2976
44
3073
116
213
78
131
132
603
706
139
55
1644
79
730
1007
934
1491
416
109
533
4867
1116
6
248
158
1626
1634
1256
2594
350
1437
399
1450
112
52
128
710
72
334
1773
65
485
27
1675
1068
5935
605
49
369
717
244
125
62
111
270
347
849
325
222
931
203
134
538
492
864
648
264
598
2611
68
151
345
74
325
46
952
3
114
98
294
767
888
390
1240
1135
1543
4256
795
396
271
618
1706
317
310
530
1506
2102
855
494
922
321
1393
676
2
88
280
3899
756
17
407
466
272
569
34
268
3546
327
2282
53
202
679
343
1179
409
202
310
27
1
5073
410
400
1522
500
291
320
81
861
208
431
52
2168
6
5322
390
151
204
267
335
30
111
7647
29
221
201
480
1537
212
32
355
753
327
110
198
166
1347
1813
662
97
81
1826
60
2717
796
31
179
917
1510
863
481
1
1231
427
84
1751
2086
788
300
665
225
97
14
963
1671
469
1
318
208
1774
1286
54
519
250
642
338
47
174
408
374
511
2166
2547
64
245
1683
135
257
1632
381
2
27
858
885
281
6
54
670
394
146
196
161
261
74
1147
893
102
531
189
1689
197
219
176
176
438
616
32
126
625
1055
343
2
31
302
9
691
526
1677
795
153
2468
101
567
448
370
175
3544
560
2598
12027
87
2165
594
108
386
1025
403
581
102
2560
1382
337
1210
462
63
2564
149
144
778
91
1
905
3180
1093
412
316
657
961
430
496
464
205
172
25
460
228
2
362
459
618
1097
152
375
319
682
1905
1477
598
101
2388
152
210
150
457
873
1482
1797
137
217
3680
390
1234
4
170
184
428
1
548
2798
375
74
19
692
506
1668
724
43
286
306
852
523
714
48
85
1750
894
167
2290
1092
17
559
450
883
435
2703
371
910
381
2
350
843
2562
261
1273
1645
119
452
2011
287
70
926
79
419
692
76
610
652
1466
992
610
8
36
194
33
78
330
8
115
171
552
265
603
227
188
281
608
1075
1230
549
182
814
133
1115
122
1518
199
235
520
1581
5
568
2168
1505
1402
338
2687
54
1967
150
972
685
928
602
1260
1912
261
2363
9
426
510
1
251
687
87
98
441
326
2347
745
164
36
54
445
345
1052
1
797
258
58
63
101
482
324
158
205
903
1607
67
2055
758
581
906
125
2964
289
23
446
735
316
22
3457
39
144
498
1305
96
337
858
1050
138
295
74
290
210
578
333
150
1462
393
2
427
634
162
358
2520
152
777
50
4352
74
1443
1188
596
2130
627
117
204
598
260
134
411
432
3116
2029
423
150
502
564
115
67
400
518
4236
602
1434
3167
4098
713
1410
722
61
381
2232
66
119
215
1442
181
1039
751
1334
729
135
35
376
2261
1802
1611
4
940
2892
677
51
518
143
562
710
168
2355
631
1322
174
1119
678
381
374
824
40
330
149
85
196
2428
42
219
626
334
339
107
1224
433
110
217
1180
536
2050
314
1055
328
953
2236
444
99
1389
825
773
8
420
156
60
1910
375
779
84
334
1517
267
2279
423
20
618
13
1817
534
1127
286
96
5626
327
2627
1081
150
95
862
1587
83
260
1105
693
4165
260
1374
1339
1
551
1337
96
79
105
12
131
2988
683
1
1466
316
282
629
2185
1069
1724
413
506
17
232
1326
1336
2317
1598
482
264
21
96
1410
2079
1595
865
68
1871
537
1367
145
3633
146
120
776
202
13
1414
126
85
145
501
440
434
243
474
2827
104
58
1216
16
3306
2703
164
209
2558
189
7
149
890
7
1253
249
148
2750
596
277
375
895
1350
177
811
632
2082
184
978
913
637
322
241
629
559
455
206
459
413
380
739
520
106
1195
5056
161
32
887
207
3528
337
1899
2706
1563
707
287
125
654
4105
223
485
592
354
1151
645
462
2855
589
167
1
841
308
159
444
362
1529
2388
1413
21
888
130
799
40
632
502
741
1456
522
227
39
1332
833
244
434
289
155
741
328
629
221
779
5378
747
36
2081
744
331
382
2131
794
213
180
10654
70
1181
149
244
792
1
678
104
18
151
2332
649
15
1208
171
633
623
158
657
699
106
2488
1582
38
71
510
235
338
197
167
656
279
265
336
735
808
1286
305
800
242
943
1736
72
1613
230
807
59
271
947
1241
7441
172
75
1451
40
1927
1415
434
2704
598
72
1577
33
804
958
449
586
1540
343
3
204
2922
219
693
1128
106
96
536
1306
445
1031
2051
1925
1
111
2899
1421
629
181
763
117
124
147
194
836
7935
601
2811
176
179
96
641
63
230
441
166
599
314
74
460
1123
910
745
1
289
129
170
243
325
702
43
32
4178
930
320
479
314
1220
285
58
356
2
489
419
165
4275
37
76
82
104
163
448
1
1631
39
2609
2167
1871
2426
1024
963
253
99
768
298
105
39
2618
770
987
1956
116
609
243
197
161
52
236
733
15
77
372
1716
4408
1069
303
42
102
221
38
1928
58
342
2243
950
39
482
411
599
1172
2755
331
427
884
167
386
59
301
125
319
698
4473
476
891
5414
118
3842
535
512
216
228
651
506
26
2830
511
396
962
223
1561
52
96
222
311
714
1512
248
25
141
2509
614
865
530
24
376
323
595
504
2189
706
206
2784
44
277
121
278
426
383
2310
40
2275
4274
1207
1131
307
92
2026
2508
2170
772
55
49
507
347
3497
673
1875
74
14
401
607
418
3083
1096
600
451
952
951
537
2419
934
850
654
26
813
1544
138
1748
186
742
4
221
30
573
197
282
1165
295
2099
3214
1236
2007
1
292
17
119
372
461
655
477
820
463
614
633
884
154
170
1124
95
775
52
78
227
849
114
1147
1224
2
498
163
269
395
1064
1196
1486
619
8
2437
387
263
683
951
32
30
47
1301
2268
191
153
721
708
825
1063
148
350
696
21
1434
2669
2777
110
1
722
1
205
908
40
103
641
699
51
27
950
1258
237
267
881
3335
819
1
882
278
798
1077
180
2347
66
3350
538
3456
338
595
33
61
572
350
1513
952
476
2940
838
2088
688
1610
285
483
90
234
1154
29
269
2001
1760
643
622
589
94
320
5096
378
796
1657
508
27
2325
392
1122
410
414
2113
1463
108
549
1448
1361
202
1000
183
1310
172
105
521
128
102
354
600
479
22
889
2184
74
19
1148
972
1426
274
1879
1221
752
122
2528
739
363
185
584
2307
912
252
554
962
113
758
321
1307
44
911
3770
986
482
757
366
656
103
959
398
907
80
1216
235
1546
1374
536
629
2122
8
262
321
544
95
3854
2021
474
3589
20
156
2808
194
1
307
299
359
1469
1336
132
153
446
2364
1172
2603
1442
722
3053
197
414
921
56
1105
1487
70
1317
1848
1071
497
2733
325
3
717
78
688
131
1419
1028
551
192
28
78
15
49
2904
104
83
1881
1161
1675
64
580
185
548
638
295
1527
190
175
94
63
1563
707
2180
563
45
46
493
1036
2150
17
429
471
267
797
43
841
73
286
47
55
998
547
247
431
3016
380
172
55
37
209
430
1530
284
2017
7708
96
434
364
874
838
6902
276
8051
260
165
83
304
1123
468
936
413
7088
498
1266
966
619
18
163
8757
695
867
495
184
1489
407
933
3942
1360
13
1003
1804
8957
558
55
236
369
645
393
346
162
1245
37
269
434
546
136
1515
1168
240
54
1488
303
5
1281
6
369
1613
23
800
192
444
205
904
102
1216
533
1142
438
276
487
145
4555
144
289
199
1656
696
586
4124
399
1479
321
362
24
205
1003
229
1467
374
1342
747
126
923
101
1
252
2767
2578
495
799
278
439
807
220
440
924
254
449
1463
1691
20
90
651
623
836
1680
1835
551
1088
1013
337
3718
83
386
381
54
352
530
371
267
353
544
205
723
47
930
330
23
415
727
1443
641
685
1513
1802
235
459
347
351
990
101
306
1415
60
175
24
1
149
3
1484
40
270
1350
1858
515
249
5994
250
111
1
39
183
66
162
419
540
165
1287
33
299
1093
2279
804
456
1097
488
318
175
1091
123
217
22
671
478
642
11
913
2182
541
873
2743
311
149
54
140
295
554
436
1227
130
647
509
216
32
1319
1032
237
4545
11
176
184
56
477
366
70
3702
504
578
94
349
393
1228
1552
907
2557
11
769
327
748
4563
896
1901
1257
409
2120
1410
1912
532
38
701
307
374
113
7
180
451
378
149
24
693
2238
122
813
522
280
130
131
111
5271
780
1275
325
12
3
1572
176
468
458
854
151
520
88
124
393
172
1366
111
251
509
712
20
456
875
3260
627
1311
154
234
31
123
829
324
437
676
3794
63
78
560
1332
33
1183
611
271
982
579
1508
63
30
891
332
1236
2093
22
4451
549
430
3785
2
2603
54
6
357
158
670
3575
578
377
32
109
1145
1671
620
801
18
496
104
275
182
2957
127
531
207
558
121
274
592
118
11
28
153
338
253
1097
1472
95
2768
14
558
792
133
168
12
983
2086
263
1286
1282
510
217
9
797
104
364
216
252
1309
2785
581
324
3
133
302
2492
781
354
4257
318
179
605
56
1606
753
1534
917
912
2645
2486
5
1078
30
276
273
430
147
1135
1077
2
3127
2591
50
1408
418
32
5159
1210
371
674
1573
1
122
238
1144
470
2
22
253
440
264
337
133
784
687
233
902
309
99
1080
1866
3011
352
322
1324
130
963
733
49
590
893
183
1250
374
481
26
193
55
823
356
37
543
1530
509
501
2219
4767
362
580
3050
5
183
160
5617
226
3
61
333
460
747
431
1929
656
1944
1068
3058
1929
467
68
231
199
10
2459
1822
2568
1551
1388
851
186
51
365
