1737,1069
125,63
2643,1347
100,55
95,65
61,35
1015,496
61,43
6,5
309,205
1174,606
2441,1226
213,105
452,210
30,23
1779,1161
372,205
213,132
218,133
151,68
61,34
645,410
197,93
5,4
541,347
167,94
169,115
126,74
319,159
2431,1248
163,104
70,34
863,475
557,271
193,117
1189,726
327,203
480,303
91,62
98,68
963,494
2832,1749
2,2
225,109
515,331
876,451
271,175
2,2
704,460
658,409
1254,627
6972,4336
7874,4975
221,134
317,145
1,1
248,134
778,393
290,187
2215,1152
1272,650
429,255
520,321
195,120
122,87
1534,950
934,490
67,45
1549,984
43,32
5,5
445,272
163,85
166,104
166,81
4383,2245
198,124
746,479
203,135
258,130
761,452
288,170
310,157
133,82
444,274
160,78
720,380
5,4
332,177
1202,720
514,294
895,423
18,12
229,150
615,389
1387,660
28,16
8,8
1004,625
408,189
452,295
284,142
604,279
633,350
367,214
758,394
48,32
111,58
1439,688
325,210
626,362
577,280
90,70
2517,1307
233,111
179,97
550,282
1014,651
1520,816
1065,512
654,411
852,431
297,177
2121,1322
162,89
2578,1612
1203,594
2750,1386
2469,1249
277,169
810,404
7,6
254,149
821,537
1050,663
1167,719
1038,670
3492,1818
766,404
152,74
404,239
131,56
172,100
201,120
61,34
4237,2689
310,155
437,270
697,357
4,2
2686,1426
1946,1235
241,134
282,177
124,76
33,17
136,87
274,164
1262,786
707,358
322,153
164,113
128,74
180,91
376,188
486,244
122,64
681,299
857,551
82,41
1002,605
59,33
728,372
169,86
51,15
376,262
596,288
108,48
2677,1690
1415,724
2963,1883
4703,2301
844,509
22,10
356,214
95,67
461,289
206,92
40,27
284,151
170,112
950,605
383,188
448,225
984,493
2798,1779
166,107
73,53
13,11
50,36
466,226
79,46
867,427
266,137
274,134
164,76
228,149
311,206
25,19
1339,686
636,390
102,57
138,78
12,10
678,343
697,322
125,76
77,53
1011,487
617,396
333,151
6,5
141,88
354,199
997,508
780,490
208,97
233,113
192,103
141,81
683,339
95,51
867,519
41,30
774,457
905,450
133,76
292,147
623,370
1363,845
608,315
217,150
2678,1380
225,99
1698,869
613,368
161,63
14,8
1306,844
54,37
538,279
649,374
419,277
183,94
161,98
877,422
297,186
404,196
86,59
640,320
971,558
1233,606
572,369
336,165
1466,716
146,89
3232,1628
292,141
254,146
580,367
77,47
318,159
121,49
1414,732
205,119
246,145
1,1
357,164
351,163
294,179
708,344
644,380
263,134
1010,612
2014,1256
1555,813
453,229
299,180
373,189
795,377
830,424
156,86
534,314
236,126
2404,1213
1700,863
109,57
118,58
329,219
635,291
1106,707
147,92
35,18
368,178
77,48
82,46
38,23
467,291
125,86
337,173
604,300
618,319
527,277
466,236
212,106
401,178
65,44
229,138
865,545
13,11
497,249
4432,2307
977,629
3807,2443
250,151
307,147
63,39
26,25
629,394
858,539
1383,698
2761,1417
63,44
216,120
1639,1036
5556,2709
48,22
907,559
189,107
325,203
1,1
52,30
124,83
121,72
77,49
162,97
2446,1165
611,418
362,165
35,21
71,40
789,475
197,100
306,157
700,444
773,481
538,321
953,514
1051,706
240,124
30,23
449,272
415,260
61,37
2929,1453
106,52
769,362
1465,698
2553,1565
934,472
484,300
775,486
2312,1135
229,108
391,188
1471,903
71,44
318,169
3125,2029
3920,1862
181,92
271,115
1554,772
460,295
2124,1320
809,394
769,479
295,147
489,307
104,42
217,112
1147,575
16,12
1410,703
806,457
346,206
552,265
1055,535
529,256
91,45
398,242
1738,865
334,202
217,106
1358,871
1814,1138
1420,933
231,138
109,59
20,11
238,161
767,374
223,151
245,136
161,101
130,67
1155,579
11,5
752,406
36,13
383,245
88,48
738,459
537,344
1617,816
900,477
1003,626
119,58
57,27
518,255
187,93
1714,1123
39,23
1556,808
425,259
535,342
97,53
280,173
1,1
35,16
11,7
1052,621
483,307
93,58
126,70
783,452
282,160
322,157
156,94
259,178
233,146
161,82
468,252
421,277
489,232
646,408
1307,627
388,237
2,2
647,407
196,125
41,20
19,14
40,20
1041,673
156,97
371,227
3,3
326,154
3991,2025
189,132
419,192
146,65
315,207
223,112
213,136
406,193
257,132
205,130
36,24
1142,687
214,113
2,2
81,52
320,168
4168,2686
3297,1634
1383,708
445,218
119,76
1152,586
7,7
175,107
192,100
2013,1262
3,1
471,215
49,28
693,428
396,186
604,363
244,153
658,418
377,253
1088,537
985,485
1235,763
26,15
36,29
216,122
2141,1383
40,28
858,449
1943,1194
14,11
943,613
1046,618
1740,1041
662,442
124,65
977,484
221,110
122,66
1220,771
736,449
490,235
305,163
152,65
740,343
54,28
425,228
239,152
266,138
478,308
1807,1164
200,131
353,244
162,88
307,183
93,61
172,97
39,24
236,111
7318,3774
686,416
1,1
18,11
450,208
1149,560
730,368
88,61
5312,2708
409,237
398,192
380,188
2532,1572
977,605
190,105
233,138
1350,847
956,472
61,38
128,82
735,438
655,406
682,396
888,537
13,6
103,58
339,159
22,18
813,507
204,101
69,29
255,143
1560,779
21,13
22,16
1002,618
247,114
434,301
68,32
4309,2123
1119,697
679,440
116,71
237,122
22,14
598,302
1340,649
3665,2267
2776,1799
1270,801
282,120
204,114
638,379
173,88
1014,637
185,85
1245,779
363,234
24,20
1139,751
1067,678
1189,745
405,209
201,101
414,202
966,533
901,561
1107,532
1014,537
523,332
49,25
109,54
4318,2176
19,13
1162,592
1214,759
360,169
79,40
714,467
53,31
84,44
217,108
350,224
230,158
680,327
1465,772
23,14
144,74
679,321
131,65
720,341
530,240
158,82
2025,1008
732,373
185,116
651,398
436,273
424,212
373,236
464,308
996,521
40,31
459,256
712,342
2093,1309
71,32
211,130
27,20
298,147
32,12
448,223
237,121
3298,2045
285,168
531,318
180,76
339,183
24,16
796,491
276,176
869,562
1279,667
290,138
2057,994
159,97
373,187
1850,912
1321,712
137,87
1325,677
169,107
485,247
6,3
798,519
288,137
2115,1272
45,31
538,238
841,405
710,354
198,104
356,234
1105,568
3037,1547
1206,600
412,262
366,215
388,196
268,162
174,132
112,76
102,52
796,389
174,96
506,312
81,40
417,214
133,78
575,370
1586,729
21,11
133,74
282,155
373,231
99,67
1233,818
337,215
249,142
697,438
50,30
247,123
1035,539
557,360
287,184
112,62
4621,2296
195,124
517,327
167,106
778,366
327,161
19,10
2257,1425
566,289
128,73
86,50
420,212
11,9
7352,3835
635,316
1637,1012
114,57
121,58
1396,689
420,211
3502,2218
752,366
19,15
1016,648
2,2
1631,807
860,403
14,6
268,161
128,62
335,230
783,404
1868,889
187,127
794,419
227,137
324,203
257,134
88,40
522,345
229,121
1327,657
399,257
1,1
1172,581
1580,983
339,157
484,293
401,254
23,19
159,101
771,381
1669,804
214,130
48,26
111,52
486,314
270,169
677,391
572,270
379,184
303,132
118,57
1319,690
2435,1195
148,88
275,169
531,304
175,116
1,1
550,339
60,33
491,319
85,39
183,76
33,21
325,150
318,206
1704,843
588,377
334,165
684,327
385,251
594,363
1,1
849,529
272,184
445,259
1487,716
2441,1233
229,128
163,75
169,88
588,345
7,6
85,56
66,33
445,282
485,311
5,5
146,96
292,182
1045,527
669,339
188,114
593,294
88,58
279,173
1112,542
704,344
533,323
11,4
243,119
50,26
26,17
800,389
996,595
895,518
134,78
236,152
192,120
904,461
376,182
239,148
2654,1279
24,14
2087,1288
430,208
41,30
231,117
491,237
153,90
116,89
16,13
1542,759
131,82
103,60
244,108
1660,1011
212,94
388,216
716,359
139,82
141,77
1613,847
2,2
148,82
13,8
298,156
654,406
275,159
427,219
465,211
1343,870
234,152
277,161
3974,2051
706,442
8,5
216,103
61,35
81,46
147,77
489,307
782,391
783,465
259,154
110,69
1612,792
4750,3063
178,90
1093,541
394,270
1,1
19,11
21,14
621,375
141,69
181,83
1174,710
138,90
779,464
692,326
721,456
83,43
304,191
364,185
332,228
772,490
285,156
1768,1096
158,72
1205,642
120,88
157,87
176,84
72,48
278,158
369,213
16,11
598,297
116,65
141,88
871,575
1503,906
392,197
99,38
1,1
696,334
77,48
1667,1002
20,9
300,183
626,315
817,490
322,151
39,21
683,450
1641,830
1349,634
138,70
3395,1666
471,232
24,15
256,140
15,9
538,297
353,197
44,30
698,441
1134,672
4017,1997
1275,805
256,162
125,81
402,248
13,11
134,73
156,93
440,288
153,73
1106,601
3057,1953
1220,728
1947,957
2485,1244
201,108
35,24
68,48
34,21
305,165
691,336
77,51
868,545
885,456
361,223
98,66
1182,764
557,268
249,107
207,98
653,319
265,125
146,67
264,142
392,222
1329,809
637,393
941,468
1,1
65,46
444,190
767,404
746,355
1173,750
353,226
1,1
596,368
27,16
83,44
769,398
1910,990
366,241
281,189
411,194
58,39
3231,2034
372,184
72,54
79,36
454,238
935,578
654,410
125,75
2573,1301
359,181
385,218
602,354
4,4
15,8
953,467
506,287
57,29
1,1
138,56
23,13
377,220
102,62
508,240
602,380
301,202
396,230
733,470
718,433
420,201
947,600
240,148
1816,1168
82,40
8,7
233,123
226,126
209,124
987,599
15,7
376,204
77,55
1610,962
28,11
283,183
446,239
323,194
3857,2428
377,226
562,334
270,132
1039,519
1043,656
84,55
676,322
109,67
1041,528
1718,1051
649,312
961,493
158,91
308,199
148,101
5,2
1321,820
339,161
1178,594
6,3
261,120
411,232
721,466
106,63
13,9
536,264
126,71
864,386
247,141
1538,936
482,257
74,48
222,137
667,402
5,5
328,157
436,257
915,583
2301,1132
674,347
304,162
82,38
1,1
260,135
225,101
45,22
1020,537
253,144
379,228
26,20
85,50
332,151
466,219
151,94
188,114
154,93
305,196
215,130
327,170
11,8
530,338
34,20
1142,551
479,307
3301,1665
57,24
431,238
238,144
258,125
765,412
842,525
59,23
134,71
339,190
186,115
140,86
108,79
602,289
254,178
1132,694
796,371
786,423
395,227
993,627
1053,660
1173,577
2424,1226
309,158
254,131
3282,1702
246,113
1729,850
218,124
325,180
122,77
3465,1622
406,227
421,191
9,7
789,418
39,26
360,196
296,201
128,85
901,465
259,150
70,50
102,49
501,271
1600,813
3,2
378,188
56,33
65,44
17,12
2,2
522,273
778,357
4,4
535,307
51,29
520,303
42,23
2497,1260
238,121
994,461
137,72
296,203
141,87
2076,1020
2380,1443
454,292
1385,706
686,427
1575,825
433,197
383,197
150,104
340,226
1662,1054
891,439
246,101
683,345
620,319
213,146
581,344
348,233
727,342
22,7
341,227
18,10
1,1
30,20
396,242
8,7
93,53
133,83
7,7
189,121
12,8
107,57
7,5
612,341
1029,663
6111,3144
472,234
542,269
178,82
211,144
89,55
537,332
1682,831
196,102
602,371
446,215
1,1
166,95
808,424
231,148
66,25
318,164
207,103
204,119
148,81
268,182
96,55
694,447
164,83
2280,1165
387,176
72,39
1688,853
52,31
118,62
28,15
10,5
282,142
108,70
784,474
305,148
964,621
258,118
429,207
753,353
1984,1256
28,16
106,59
1716,783
108,54
341,159
325,178
321,213
1650,1036
16,9
14,7
53,29
38,24
2281,1141
29,24
345,167
758,467
318,167
4232,2233
696,355
199,94
508,318
523,256
228,128
318,199
396,253
3976,2522
346,149
416,226
343,178
138,70
372,198
89,50
654,420
443,255
394,207
1433,878
375,216
719,416
68,52
349,180
440,273
227,127
112,67
88,57
152,107
118,69
414,267
411,200
488,250
766,396
44,28
60,35
394,244
466,296
417,219
48,27
246,105
72,28
180,93
20,13
45,19
380,179
2522,1590
393,231
2102,1304
53,28
470,303
362,163
961,603
6286,3182
153,89
471,225
690,433
708,435
661,437
637,301
1505,953
13,12
1033,664
3213,1652
803,427
2,2
772,450
63,33
46,26
1674,1018
289,165
490,277
432,275
270,136
454,278
1328,827
480,242
390,248
1602,989
263,137
200,134
306,189
840,411
202,102
50,25
113,49
2469,1247
461,276
1261,808
30,16
54,33
1162,741
138,87
3061,1933
2158,1136
2652,1691
1387,671
1741,867
1104,687
126,83
63,36
1,1
803,487
278,180
160,88
632,328
530,266
841,535
197,121
263,187
644,365
193,78
552,282
127,64
77,45
2153,1370
601,311
158,69
758,491
48,33
541,328
52,37
191,93
140,86
892,445
465,285
1026,654
1294,585
42,25
219,98
60,29
279,170
483,250
1493,752
440,240
3564,1802
1383,868
124,79
428,256
110,55
415,205
797,411
1451,703
121,75
4593,2849
85,46
306,176
1072,694
2396,1572
30,18
421,245
4903,3005
504,334
963,448
127,72
191,112
1737,866
366,238
753,382
674,333
1229,636
204,110
632,297
4208,2243
505,257
48,30
113,51
1991,1246
2847,1700
34,17
3601,2240
56,38
864,522
845,540
109,65
468,295
715,463
61,31
243,150
433,285
217,113
638,311
1263,762
476,303
986,636
1002,615
32,19
539,314
127,70
3122,1591
916,604
487,268
946,475
819,486
454,235
356,234
97,61
18,11
355,182
2863,1685
1426,700
153,91
1289,622
3365,1730
268,182
539,296
8,7
1681,881
410,253
145,76
1622,833
579,375
1235,645
1168,581
1586,1019
1948,1212
151,90
1996,1006
160,108
487,293
995,602
374,226
93,65
592,359
264,176
180,91
655,413
24,13
186,119
325,210
27,18
559,258
506,280
1721,877
35,19
954,477
2061,1322
754,369
1644,989
26,11
528,350
492,296
308,160
149,72
117,60
358,188
29,21
23,10
399,265
820,389
46,24
491,253
997,636
966,466
191,119
258,128
1400,706
3250,1994
83,46
780,489
346,155
3486,2169
118,55
111,57
1801,1135
314,175
1338,671
2641,1677
359,239
1362,853
159,96
2784,1389
168,107
197,141
285,181
106,65
481,316
133,83
15,7
634,348
121,66
319,198
326,147
939,490
80,34
137,62
28,18
21,12
74,38
1578,764
1005,569
489,244
21,9
1012,592
836,424
605,396
105,66
25,19
248,159
907,558
81,50
1,1
12,11
109,83
14,9
392,240
41,23
859,418
313,163
3819,1958
50,28
121,69
229,115
655,332
32,18
2,2
1619,1051
288,190
745,387
283,146
194,95
187,99
373,226
190,88
205,94
290,148
518,254
460,282
3164,1973
144,96
1570,789
684,442
1105,534
1123,691
234,143
290,144
380,163
297,174
1018,465
1221,589
58,42
230,118
311,165
263,163
755,372
768,484
239,132
72,51
72,46
674,403
2506,1310
997,624
832,503
171,96
140,78
87,50
160,93
723,364
589,282
557,279
173,109
428,210
887,462
375,209
1033,618
419,241
684,330
363,255
830,407
465,303
205,111
249,158
654,411
165,76
845,454
35,26
674,437
104,62
3,3
566,352
733,465
117,73
236,130
2132,1070
258,167
255,163
1135,685
96,52
2182,1079
413,209
49,37
1244,756
421,229
1822,1126
4525,2700
883,540
13,6
282,168
79,56
3103,1543
350,213
136,77
95,62
423,260
244,121
2545,1259
204,98
1042,495
97,64
548,342
18,17
282,147
76,36
2400,1205
304,179
503,304
722,442
513,267
107,63
1661,1060
674,429
242,160
148,93
393,249
341,175
90,47
843,522
877,448
1216,790
286,185
1024,495
468,256
1926,995
541,350
238,149
1362,650
1958,969
335,215
301,145
117,63
517,317
1927,1012
30,12
1812,1213
1072,543
1046,642
241,141
1673,821
9,6
329,157
1016,616
303,150
779,492
961,604
1944,963
551,328
950,467
50,30
614,305
199,104
585,305
67,38
363,187
3090,1525
71,41
242,130
39,24
596,351
898,593
764,493
1911,947
964,485
361,190
7442,4745
279,140
519,329
1118,594
51,25
1308,768
292,177
169,108
1551,720
348,211
545,259
1294,646
141,84
176,76
522,241
407,198
159,105
608,304
1,1
1391,698
198,113
630,311
16,13
489,327
728,451
19,15
1330,804
213,132
134,85
12,7
372,238
1211,737
933,606
366,225
1292,796
1207,757
144,77
457,258
499,279
380,240
365,179
428,241
2,2
1076,666
215,105
733,344
935,476
3051,1541
270,159
214,140
552,307
455,271
774,386
649,388
132,62
202,105
192,98
14,11
615,318
1479,755
468,240
1929,1005
284,180
54,35
1331,873
163,98
715,443
1622,778
105,53
75,45
1333,658
719,358
222,136
784,381
1104,547
120,69
349,237
1495,942
32,22
418,215
3456,2127
202,98
665,341
89,54
1993,983
92,67
418,267
1223,788
62,36
1634,992
342,164
157,96
487,249
70,43
19,12
56,31
188,90
113,67
3278,1651
1021,497
5949,3091
418,249
511,327
366,189
851,495
173,71
261,150
1682,1091
812,460
283,149
724,479
530,343
132,71
241,147
916,572
134,69
2173,1362
44,35
342,216
68,39
421,256
1614,841
72,41
827,397
619,298
286,149
305,172
1989,1260
898,567
1297,776
225,130
1370,705
1190,612
80,49
379,198
229,140
235,161
1048,557
155,73
345,221
963,474
175,97
2,2
177,80
311,208
8,6
642,333
364,235
153,83
132,82
2510,1283
622,308
114,40
807,388
377,176
594,363
434,227
355,207
158,84
1428,870
313,172
161,88
68,38
3161,1991
751,448
359,219
1172,696
229,152
3140,1583
1791,901
809,418
560,325
846,509
865,430
889,422
98,54
984,600
784,486
2601,1611
26,23
398,207
235,123
1843,928
753,385
959,638
278,151
1955,1219
885,439
1550,763
545,259
590,292
2770,1380
716,417
292,153
585,309
916,414
2493,1276
1084,671
87,44
1840,947
514,304
450,285
1321,697
1959,1018
421,222
57,38
391,245
96,63
175,124
2678,1343
406,233
265,158
580,319
2537,1625
191,118
82,51
1082,675
135,67
13,9
7309,3720
824,406
366,244
76,50
378,188
162,113
241,133
39,27
425,224
1312,711
559,281
173,116
3028,1939
343,212
1006,490
1782,908
820,407
1,1
463,212
874,542
1298,842
1098,545
2772,1408
367,236
154,62
359,189
731,447
193,117
725,475
2920,1480
805,470
2925,1525
1084,642
119,67
17,8
548,374
361,208
286,176
660,395
103,67
220,94
1,1
298,141
1525,774
164,72
821,481
231,130
561,356
51,24
718,439
221,103
56,27
77,40
5984,3137
244,124
28,16
97,46
396,260
20,11
195,130
85,33
716,366
48,24
789,501
770,462
360,166
151,89
28,21
35,12
148,66
54,34
981,641
423,260
226,107
411,216
339,165
324,197
185,95
796,471
1205,621
32,14
89,45
136,86
645,312
453,221
176,96
662,388
677,315
211,83
57,32
4,3
1574,829
88,55
32,24
85,66
161,89
29,21
22,17
167,84
430,285
1009,538
812,402
3292,1687
361,218
1631,847
167,93
3561,1791
685,318
391,280
376,241
2302,1419
60,42
1234,626
80,44
2,2
627,382
276,141
108,54
3751,2373
762,476
218,136
30,23
493,310
99,59
2949,1534
2748,1379
530,247
440,276
362,176
1356,854
2242,1157
308,147
442,273
459,306
191,72
2467,1495
675,449
308,191
745,380
24,19
1802,939
39,28
15,9
44,30
65,39
409,209
1889,1183
1033,496
2408,1213
2430,1201
31,16
725,440
1571,976
223,129
61,41
902,536
47,19
48,19
92,47
363,157
133,71
817,492
706,350
56,28
1193,742
109,67
31,19
38,36
226,147
372,221
239,159
842,441
558,265
23,13
922,563
877,566
238,110
140,60
1650,1043
606,365
395,254
40,24
142,83
401,248
1,1
2,2
910,593
8626,4424
71,41
429,269
154,85
469,299
111,42
2934,1816
502,293
710,368
574,275
2,1
625,395
184,115
262,161
103,57
1294,826
1012,636
403,247
13,8
25,18
2217,1359
42,19
145,97
452,215
225,123
2092,1044
349,215
218,101
352,205
3,3
41,27
1259,774
34,15
426,231
897,508
122,94
2129,1080
155,109
459,256
199,103
173,98
681,418
897,423
1107,672
2328,1157
46,21
970,600
1062,623
455,282
166,104
1706,911
239,141
143,92
3352,1624
231,143
1734,1119
259,147
390,179
1171,717
922,581
655,323
699,351
15,11
342,167
1219,768
17,11
76,47
1623,1030
391,226
2198,1120
362,178
81,58
1802,916
1508,786
3589,2261
10,9
403,248
4,4
391,195
227,132
429,228
521,318
695,437
223,149
31,29
258,136
229,149
664,415
339,165
267,138
139,88
1642,1000
56,30
49,29
37,26
485,279
31,26
5,3
157,71
273,134
590,320
1432,726
183,103
190,115
724,371
971,460
281,168
414,214
186,128
94,60
858,403
1293,648
77,41
1957,1001
1778,905
177,97
15,12
24,18
37,29
274,182
480,241
73,46
580,284
146,99
742,367
706,377
3196,1552
3,1
1082,669
38,14
70,39
559,337
367,201
981,639
222,148
217,113
218,102
763,373
16,10
4036,2578
13,11
1046,633
323,187
502,251
155,78
2356,1205
154,58
1113,589
157,86
21,14
41,16
435,238
285,158
448,243
29,17
1702,1081
205,131
85,48
1725,822
178,112
78,42
75,47
5321,2708
110,65
3654,1811
647,294
28,22
436,209
456,294
844,441
1569,774
26,20
166,112
826,416
77,40
3074,1627
431,280
1214,626
98,40
358,179
404,199
241,118
126,92
863,464
186,103
361,183
891,552
1385,818
511,250
1781,1034
1087,719
1204,606
1,1
212,118
934,455
1176,533
659,334
47,26
208,110
1715,873
59,36
372,237
699,359
328,140
36,22
87,57
120,76
433,233
483,248
134,71
237,138
736,436
492,304
8,4
434,206
1014,502
899,542
357,234
2855,1829
291,152
516,313
1782,1142
102,52
2055,1275
27,20
167,112
475,292
278,140
86,40
65,46
311,169
15,6
458,219
106,62
403,184
1603,970
1152,701
163,86
173,92
226,153
51,31
1256,794
2,2
418,218
446,282
977,600
164,109
450,272
38,24
170,84
195,124
209,120
325,160
356,206
1320,656
217,124
2216,1125
750,338
379,184
1147,733
203,114
206,99
1413,909
448,280
295,169
439,279
163,96
664,351
224,108
734,409
540,344
235,117
88,41
118,74
150,87
62,51
414,198
298,184
246,173
9,5
127,86
2172,1155
279,121
1642,884
612,348
1777,1114
71,43
796,386
2366,1214
488,225
661,326
235,114
72,38
518,281
364,229
485,278
381,238
1206,597
679,405
326,149
779,421
77,42
218,106
58,37
66,38
223,130
307,187
612,305
31,20
590,328
149,85
178,120
276,161
431,233
1339,674
184,141
415,273
157,86
225,129
341,178
295,182
1370,850
4,4
1564,740
638,437
11,9
568,268
542,337
844,520
130,66
293,183
259,179
1793,1108
182,114
469,270
179,102
393,195
213,145
106,51
8,4
219,109
456,238
17,5
6026,3870
244,113
245,115
835,534
824,503
469,285
224,129
1,1
55,27
100,54
439,214
2283,1465
45,26
657,342
338,170
691,349
373,169
3872,1962
395,209
779,367
35,27
155,93
188,107
548,266
182,118
853,510
2125,1365
85,51
599,307
564,293
35,19
1204,720
87,48
308,167
611,285
480,235
693,392
246,128
18,12
112,61
62,35
940,463
79,50
109,56
794,363
703,355
110,69
1370,868
3156,1569
473,293
1,1
244,163
81,51
566,349
157,110
399,257
1347,833
316,189
338,179
15,12
629,416
159,74
1180,737
1081,676
304,176
1628,811
369,200
466,309
4,4
3,3
2799,1392
1,1
1038,643
100,61
335,212
1381,862
230,118
1078,681
210,137
409,246
1577,847
348,169
577,374
69,39
871,531
540,318
954,440
756,469
1225,753
2490,1246
1241,618
767,487
259,180
488,298
108,59
189,111
795,490
500,249
1705,837
347,169
157,78
2774,1707
163,86
1226,781
1282,654
1377,743
137,78
382,211
1397,873
109,43
748,435
125,82
40,33
150,70
115,60
1013,459
54,31
384,195
79,60
504,320
327,211
13,13
58,34
1701,1090
501,282
587,368
1294,635
224,108
888,545
1158,523
992,521
3,3
1008,509
796,394
100,68
1015,544
97,62
317,152
291,164
3,3
57,29
567,267
47,29
369,225
2230,1141
1233,740
628,395
689,324
302,171
131,80
816,407
59,33
1155,698
113,74
482,302
2088,1326
2105,1306
892,437
24,11
268,171
45,27
301,212
259,157
1196,597
157,79
2386,1225
1007,493
123,65
413,261
1162,769
227,152
680,327
508,311
100,67
355,160
680,358
71,47
186,122
209,132
1097,533
3574,1837
77,46
39,26
2838,1817
400,237
3,3
1232,735
275,186
164,100
144,87
3,3
18,13
298,154
286,193
216,87
4237,2675
124,79
186,111
175,83
281,161
1175,722
84,49
30,16
18,15
334,172
373,174
1916,990
179,116
81,37
211,101
856,437
627,427
226,150
16,11
653,335
115,51
226,143
1,1
290,172
524,285
1082,649
188,118
47,24
30,23
247,107
76,43
286,182
978,521
124,78
216,128
671,344
212,88
1,1
569,345
59,40
349,206
526,281
2933,1512
994,643
846,460
235,154
273,138
142,67
1003,480
1703,1021
1012,613
49,28
1342,841
350,210
567,271
70,45
1464,905
17,12
1178,748
929,434
532,271
415,215
1470,902
622,389
92,45
389,258
9,6
519,286
103,47
148,91
499,262
247,141
121,80
802,536
51,36
109,66
78,40
1244,639
1181,647
4517,2265
702,344
868,433
209,100
94,59
34,23
1800,902
254,160
1,1
123,68
58,39
2100,1091
309,165
184,89
104,57
34,26
255,108
2988,1571
2217,1427
30,12
79,57
729,365
36,16
395,228
809,515
4,3
195,134
369,214
73,44
199,90
338,213
1943,983
102,68
94,60
309,151
135,67
567,224
420,216
847,435
1083,560
328,180
137,76
62,31
2621,1398
256,119
881,463
649,429
1,1
406,237
919,448
152,113
194,112
2738,1707
388,209
320,194
1,1
478,283
299,176
136,82
505,307
541,316
967,471
138,51
2818,1369
451,249
541,341
275,127
1319,696
510,240
567,347
245,114
13,8
1159,578
710,463
172,99
708,410
37,19
156,59
2558,1656
687,355
158,73
220,144
11,5
2408,1208
588,369
342,199
162,98
580,318
62,42
2976,1492
1156,613
390,256
287,148
642,415
3775,2447
181,109
408,273
275,143
18,14
298,195
653,390
243,131
47,26
181,113
35,14
6,4
498,335
2201,1097
108,58
54,32
605,281
61,41
266,157
450,274
390,243
661,366
1065,697
109,73
244,179
155,95
1106,581
419,266
441,266
1372,702
1583,767
132,87
2417,1489
510,219
707,445
44,23
42,22
841,521
1065,544
316,186
1882,893
960,462
1427,735
645,400
203,98
207,126
1790,1083
1831,948
732,476
230,144
678,413
781,374
70,45
48,30
821,442
1101,556
711,381
746,478
512,328
21,9
399,234
408,276
193,128
123,71
1258,763
910,568
53,25
163,98
146,69
1295,675
78,45
195,90
451,279
537,258
476,252
463,214
235,140
6,4
78,55
1439,738
35,17
223,134
250,159
235,111
756,463
25,12
246,150
1224,617
331,171
83,47
1426,910
135,70
314,204
939,582
542,274
824,372
8,5
7591,3749
681,411
745,370
79,51
553,251
48,27
336,200
284,152
1986,1025
1142,739
14,13
199,113
2849,1843
289,157
472,273
11,7
702,350
703,454
179,128
38,24
961,597
218,137
340,167
34,25
280,137
25,11
39,23
72,36
223,139
449,270
3150,1990
1,1
9,6
740,336
277,132
824,515
7,4
442,277
416,230
8,7
952,499
1776,1122
281,129
207,117
495,318
1,1
660,354
856,530
174,79
733,446
499,249
214,130
143,80
1068,542
928,596
123,68
310,136
190,98
743,386
457,224
477,289
190,98
1689,1048
169,116
420,266
1430,728
576,310
268,173
1192,712
139,68
1207,616
2963,1826
1075,673
2659,1654
498,330
745,376
477,254
556,305
81,44
197,121
624,352
65,39
1033,534
368,225
381,235
234,148
424,260
1247,639
2901,1509
746,381
74,43
223,103
200,127
241,149
49,34
474,235
2205,1050
137,79
172,120
2851,1803
2833,1450
478,297
986,509
707,359
2872,1494
527,243
608,319
265,179
1235,775
1274,672
119,66
3001,1834
1494,961
98,64
722,448
451,236
5,5
8,6
370,216
1602,857
252,123
26,13
406,247
289,140
1133,704
134,66
45,27
1323,680
79,40
1104,746
319,182
31,20
266,141
568,351
90,59
1674,1067
2876,1476
304,195
204,99
357,172
1002,495
1079,558
342,162
115,54
1162,571
44,35
510,234
50,32
6,4
196,85
1885,920
413,256
232,109
647,417
1,1
719,487
248,170
272,139
137,81
343,181
1163,584
1053,680
91,49
516,226
468,284
3066,1929
87,59
22,15
1,1
338,164
187,71
473,285
215,126
828,556
715,416
652,342
110,63
103,59
181,105
2820,1393
49,31
241,135
124,79
1776,887
2663,1350
29,16
124,68
246,148
444,275
939,500
1311,824
821,532
244,145
135,91
774,479
1270,835
689,431
32,21
294,180
18,7
647,333
1,1
484,311
2671,1615
1019,515
1298,700
72,51
195,125
77,42
480,284
411,194
2010,1009
1136,582
178,64
61,27
111,48
67,43
2628,1645
222,116
499,245
2066,1318
650,401
2830,1416
54,35
863,414
1106,702
267,170
451,255
1866,1144
1999,969
394,189
1,1
459,227
229,143
24,15
1178,742
1098,542
42,21
111,61
342,166
65,34
481,302
876,556
2131,1085
1772,899
933,506
71,48
403,195
23,15
1715,1108
641,386
440,221
347,219
1132,709
1031,666
860,542
65,31
151,66
662,369
27,21
1147,562
838,547
77,51
351,216
856,415
276,151
122,74
1914,1017
106,55
205,130
187,116
285,183
215,135
523,330
550,271
627,382
94,59
3,3
631,355
102,42
17,10
347,203
944,606
995,513
90,56
305,137
182,109
973,616
62,32
94,52
691,424
58,40
141,95
521,242
1197,609
832,425
285,149
2620,1316
39,25
451,287
69,43
2633,1679
113,78
761,380
1734,861
193,90
618,300
322,199
296,180
291,159
344,186
128,89
314,202
4536,2909
7696,4895
93,36
1465,711
212,115
353,184
404,196
13,13
409,261
215,121
541,279
1047,661
192,98
1316,651
1119,706
699,435
239,143
384,192
177,97
421,271
524,296
82,53
91,50
286,192
212,132
1073,528
2327,1114
2423,1551
476,253
3900,2044
157,84
367,191
98,52
67,48
534,291
8,5
89,55
357,209
1372,864
253,140
36,28
234,149
181,94
13,9
275,134
797,475
473,234
4,4
269,147
94,55
393,201
90,57
310,182
1480,734
846,417
19,8
862,438
3530,1794
907,554
60,33
573,325
636,394
1415,707
1604,795
28,14
1142,702
581,343
2379,1283
501,251
78,47
448,259
329,167
189,90
4525,2834
5,4
599,321
3800,1906
1427,922
94,50
411,244
50,32
170,81
799,363
279,160
217,147
681,420
359,179
345,161
395,195
198,109
409,250
150,99
457,228
2265,1397
251,105
382,181
9646,6107
568,290
714,455
620,302
127,52
694,431
462,213
169,106
2203,1151
178,105
376,235
3231,2012
79,37
1077,677
222,128
229,117
238,128
2209,1126
569,269
116,71
74,37
611,375
2876,1837
519,283
902,532
22,14
529,333
513,325
387,249
239,148
305,159
357,182
2542,1237
49,24
1637,1059
37,19
970,496
346,238
105,60
13,7
166,97
1885,960
332,193
347,168
1918,1154
768,471
145,76
576,357
2569,1267
514,333
1381,697
742,343
440,296
230,142
2081,1296
9,6
662,307
148,100
1062,647
413,218
83,55
733,433
18,10
270,144
759,477
1198,608
11,8
213,85
2817,1430
100,70
74,49
1864,925
613,373
205,119
8,3
467,288
545,328
1773,1073
204,128
3935,2476
1104,534
37,15
89,46
351,204
721,479
2995,1484
616,328
628,323
673,418
1440,937
1737,1119
1538,958
681,428
1015,493
163,72
906,452
356,228
21,15
21,12
129,70
2635,1286
1183,521
353,187
992,615
647,398
292,195
1,1
595,377
783,493
634,399
30,22
511,338
54,31
2,2
1277,629
348,210
465,206
311,165
104,69
316,167
332,170
213,119
2142,1297
535,318
42,29
87,51
954,597
769,450
1703,1041
341,174
320,155
352,156
163,79
572,371
281,194
1177,778
80,39
767,477
185,88
1116,578
131,83
1037,651
439,285
343,183
28,19
325,173
767,487
94,67
314,168
723,454
307,194
556,347
149,79
1100,551
529,257
109,49
427,209
32,21
868,425
36,27
1948,994
58,31
37,22
232,138
351,169
181,104
1985,1267
30,19
374,187
989,610
78,52
525,323
410,262
199,125
317,190
500,296
177,94
640,307
1,1
78,42
40,20
476,267
256,129
42,21
179,110
1933,1228
156,90
1805,910
1629,777
373,163
272,170
902,457
171,96
1471,763
164,74
350,207
441,266
30,14
2716,1704
1107,686
1359,660
5717,2925
2431,1446
1979,1256
116,66
644,403
350,164
1,1
2200,1065
4,4
66,40
322,158
1046,582
1652,861
14,6
258,176
233,152
210,100
40,31
283,149
1034,619
173,120
1310,863
111,77
114,69
158,80
184,95
388,186
11,9
47,27
96,49
71,39
470,303
205,134
1051,678
461,204
807,506
579,312
348,176
920,572
57,39
752,366
298,174
375,247
316,200
83,44
8,6
43,26
1284,805
708,457
289,175
149,91
2,2
679,331
62,36
581,358
524,285
528,249
255,135
1080,709
3544,1735
242,145
913,597
768,484
2356,1211
62,43
58,30
183,77
664,411
148,82
242,163
1580,805
72,32
575,273
16,8
722,466
2144,1282
1103,678
199,117
93,59
270,139
1559,975
81,48
761,443
531,267
488,229
4398,2846
1200,804
1240,637
41,29
405,197
73,40
131,91
13,5
424,289
312,147
28,17
523,309
22,18
2139,1090
3433,1649
194,127
3,3
284,186
218,109
159,93
325,206
1590,958
113,58
602,304
19,5
55,39
188,107
186,75
938,472
1805,938
390,193
44,25
462,210
3605,2243
347,217
710,447
101,68
429,286
293,187
598,354
1413,672
637,398
1624,781
161,72
76,37
180,119
197,119
128,75
54,36
1141,598
557,352
494,279
85,47
531,337
218,133
464,236
385,222
275,134
36,28
1080,551
526,313
361,196
19,16
1174,572
39,23
484,271
633,427
361,185
1,1
259,165
1625,828
1656,804
81,42
745,475
575,338
553,302
795,512
346,225
327,152
206,135
445,267
557,268
24,22
67,47
270,126
68,36
797,391
9393,6021
3197,1649
1,1
1762,890
803,535
32,19
529,325
437,255
1029,468
97,69
162,100
697,427
1165,602
24,13
50,31
2191,1392
657,422
854,526
3,2
161,109
381,260
2,2
145,97
407,193
337,171
151,71
980,488
1867,1188
74,32
359,217
701,360
404,249
67,25
749,455
6,3
1091,565
871,511
59,34
1162,720
355,163
594,294
70,46
283,149
1292,832
831,514
426,216
1609,786
138,92
160,103
5,5
217,100
864,509
1038,537
266,123
139,66
550,271
305,189
1278,670
474,286
1064,653
111,59
798,462
159,112
1102,553
833,404
282,132
1254,631
466,284
7,4
130,72
963,606
1317,860
337,171
3280,2058
576,362
133,71
326,208
1957,1224
1269,776
267,130
307,211
289,171
692,423
440,201
131,65
374,243
696,449
373,210
237,135
1442,887
126,74
277,190
91,43
722,446
142,76
2097,1001
126,70
344,233
1478,886
214,86
304,131
70,31
152,101
529,264
282,147
783,445
13,13
443,309
1094,554
160,83
272,152
150,77
39,23
4319,2193
716,381
3190,2098
93,46
302,152
1,1
409,203
475,220
117,69
764,350
1014,537
210,107
49,30
616,301
919,564
2,2
56,25
1290,805
1087,545
340,158
8,8
5971,2918
1686,1032
528,304
591,292
144,93
224,138
923,572
320,162
1525,914
1459,691
1604,990
617,309
2422,1149
78,56
1483,946
2522,1526
1525,988
1974,985
364,219
122,90
2712,1377
1201,581
170,128
288,145
178,82
1427,918
12,8
177,118
30,19
84,52
1483,780
202,123
755,465
1629,1044
553,341
216,110
1062,639
99,52
847,510
549,278
1661,858
553,358
147,99
69,41
1835,1173
731,337
371,189
15,14
314,169
285,123
100,69
375,182
10,8
3244,1671
73,42
60,37
3445,2165
939,473
599,313
316,160
480,251
439,212
334,181
654,324
1837,1174
887,452
89,60
927,447
23,12
2171,1087
187,87
907,535
50,29
19,10
131,69
133,85
669,343
261,164
217,121
197,100
157,76
186,124
411,246
1480,910
675,337
224,145
215,96
318,163
1245,626
247,129
368,202
614,333
36,31
3191,1627
758,484
155,89
75,49
176,101
58,32
388,232
1517,795
441,271
157,94
278,162
261,125
243,119
3410,2131
984,610
1950,1201
228,156
367,173
349,184
175,114
331,209
370,206
1436,678
596,291
687,418
468,229
323,203
463,293
1262,803
759,479
521,262
828,531
28,16
158,93
97,53
842,523
511,284
491,219
262,171
181,71
1,1
522,259
87,42
739,348
14,6
254,127
469,229
1057,648
723,447
10,6
775,405
1144,589
325,188
160,83
707,443
784,392
543,295
235,140
1269,826
1,1
265,164
3609,2274
571,303
62,24
546,283
2994,1809
45,26
73,40
775,498
138,58
161,84
2319,1447
496,216
379,187
729,444
81,51
563,323
195,97
4624,2290
360,204
141,83
235,107
1143,715
176,103
925,491
5,5
69,34
1078,664
68,42
308,132
2594,1351
1586,1049
3755,1923
1452,731
150,95
254,131
1335,807
361,186
866,430
1110,693
245,128
416,266
57,38
107,55
103,73
634,287
35,24
567,368
368,210
1755,1054
89,57
930,445
28,15
3102,1933
83,49
526,320
14,15
385,190
518,265
1709,1068
120,80
282,171
533,356
500,236
3055,1593
1268,599
937,543
122,72
1384,869
442,286
159,101
314,172
225,145
89,52
294,141
77,46
2829,1390
1012,497
250,125
732,473
156,102
955,499
101,45
99,55
164,92
1886,916
351,165
183,96
20,17
180,76
602,299
1680,863
73,37
1123,541
596,312
657,342
230,139
700,372
208,126
354,192
235,139
336,209
515,262
134,85
1404,922
76,47
297,163
1716,1078
112,71
86,58
238,114
3895,1907
192,115
193,124
30,18
697,400
133,86
10808,5522
2053,1288
259,169
526,260
1353,715
185,75
817,523
924,602
569,343
24,10
1597,836
615,391
145,77
161,77
319,153
251,150
772,485
2481,1237
292,194
387,196
165,101
850,423
684,345
368,196
6,5
424,259
13,9
454,232
88,65
131,95
480,230
132,68
368,213
235,152
173,116
124,84
65,41
656,329
649,323
65,38
286,161
28,17
112,69
913,573
179,109
7,5
261,116
344,163
364,191
103,58
322,206
344,199
34,14
428,262
1254,652
240,155
19,11
352,190
644,391
534,328
281,142
674,454
4,3
73,43
18,9
526,353
202,126
1994,990
135,62
11,4
553,335
448,268
6,5
166,80
220,143
905,448
179,117
269,169
1068,520
49,36
2130,1347
219,148
254,130
263,165
782,385
1603,764
2487,1567
1067,693
1078,560
3755,1888
171,103
64,41
168,119
152,69
2933,1860
209,130
7,7
168,87
484,305
2551,1569
48,32
95,50
1845,1121
542,331
509,320
493,243
587,359
23,16
1107,550
103,81
1501,759
277,145
24,18
954,573
412,262
1015,608
195,100
123,79
504,325
2,2
111,73
428,262
1197,547
1161,551
1107,672
136,53
351,212
175,88
90,53
225,144
507,314
530,272
186,115
568,281
9,8
880,452
1448,742
843,427
860,440
40,12
45,23
1354,664
157,76
747,379
89,46
36,27
406,201
448,229
154,83
84,48
465,286
837,423
8,8
469,283
100,58
199,145
203,113
237,151
196,111
42,25
461,240
158,103
327,195
1417,727
567,353
711,339
33,19
2726,1394
433,242
299,194
443,230
390,232
310,161
411,229
935,565
21,16
623,380
389,196
48,28
25,16
444,249
756,385
131,80
591,387
1367,872
468,287
7,4
275,152
58,33
733,382
9,9
923,445
55,36
1509,774
358,171
132,81
1749,897
41,27
291,174
42,28
421,200
19,13
698,410
1512,956
698,400
2473,1224
267,163
229,146
275,141
154,88
51,33
1737,1069
718,447
1896,900
18,8
43,31
3238,1611
1637,799
173,79
46,29
2,2
402,204
1229,567
433,230
577,314
3854,1973
79,41
357,190
59,30
872,525
514,251
268,160
1828,919
450,230
324,190
329,208
11,5
8,6
118,52
3015,1496
978,499
535,317
5,3
38,22
1151,697
197,133
1375,841
203,101
339,162
41,18
472,240
3,3
328,175
1,1
65,46
254,123
111,67
95,62
146,68
2197,1041
3064,1583
370,175
6,3
729,478
46,31
54,33
1081,528
405,266
594,310
12,10
350,167
13,8
44,32
126,58
1464,921
268,133
729,466
1044,659
47,21
686,356
269,167
800,483
1105,675
298,193
340,181
201,107
1084,529
195,94
28,18
1118,747
360,209
47,30
408,218
406,198
205,110
158,94
359,193
1,1
612,373
305,137
55,35
4063,2113
420,193
1035,631
1313,641
2686,1645
503,262
128,86
887,443
3,3
779,479
286,157
680,416
68,45
514,320
142,95
731,396
120,83
177,99
8,4
1081,556
1214,570
2425,1159
1175,578
275,168
276,185
519,318
2485,1225
332,218
88,60
566,294
460,310
678,423
100,69
1098,506
46,23
157,83
296,152
384,247
844,414
124,56
685,449
107,60
6,3
210,115
379,228
140,69
2977,1458
796,494
110,76
632,380
2003,1198
681,437
342,198
110,68
231,103
20,15
394,238
105,63
351,218
217,118
531,306
1508,962
558,362
168,98
495,245
120,92
1174,704
274,130
459,245
186,110
151,108
1945,972
482,236
48,20
119,61
4006,2481
1225,604
856,440
2097,1075
281,180
311,165
403,248
822,406
291,169
1542,877
154,76
416,199
971,583
501,230
625,394
3469,1751
8,8
542,303
929,490
789,414
774,489
581,364
54,35
319,160
2150,1358
1505,736
478,235
189,88
315,188
340,216
16,10
75,34
70,47
167,90
444,221
682,394
389,243
418,250
843,407
1598,1047
1317,797
236,109
330,204
203,100
557,355
68,38
541,255
736,386
543,301
235,120
196,96
899,457
39,25
793,476
700,451
509,262
2355,1176
357,228
294,185
782,505
310,147
443,269
2384,1392
132,65
56,32
286,145
606,305
36,16
492,259
596,366
28,19
4,2
374,178
1550,776
301,138
678,404
1441,685
30,16
125,81
613,371
633,400
634,332
1140,699
6,3
629,316
65,44
664,445
639,322
624,296
205,114
35,22
3353,2123
2561,1325
127,69
383,204
567,361
71,56
346,170
1094,546
487,299
687,364
549,318
2573,1323
114,62
92,69
271,142
1207,783
412,254
313,164
165,88
60,34
408,250
1053,662
2059,1292
316,159
1032,644
194,117
611,300
69,33
316,192
1996,1000
1943,1250
1876,919
28,14
188,83
154,83
175,82
716,360
234,103
1016,503
479,250
486,252
3,3
108,62
48,23
22,16
74,39
3118,1542
454,262
471,219
688,321
443,225
615,360
170,107
1,1
96,58
644,317
473,308
82,54
740,350
32,14
740,470
970,594
698,421
31,20
1135,591
1585,791
1173,732
2674,1634
531,249
117,69
60,41
1444,754
332,171
179,105
544,286
374,249
399,236
46,29
1832,979
55,45
927,562
471,227
242,122
84,59
2874,1433
1464,878
188,120
2615,1313
2764,1687
489,292
2208,1115
23,18
402,219
88,49
135,64
532,342
810,401
112,59
536,275
1125,675
94,57
176,108
284,143
430,220
88,70
36,19
2454,1202
1167,613
1271,759
65,26
540,313
767,458
176,85
264,123
125,65
984,608
344,172
717,375
152,108
1060,665
1181,726
282,124
52,26
79,45
534,268
589,297
4572,2828
1709,1029
614,313
275,151
49,32
382,266
3184,2034
430,248
139,86
383,204
111,70
1708,867
12,10
1039,509
2567,1591
743,489
859,438
309,186
174,80
374,203
213,143
94,61
670,416
792,504
1042,639
173,92
152,85
211,117
222,161
856,406
142,78
710,362
2398,1432
56,32
676,298
1426,917
1518,789
184,124
665,439
611,289
403,210
331,159
67,35
476,214
73,49
1031,548
1077,532
1351,870
998,622
492,313
160,83
1139,559
999,492
770,395
2242,1432
831,442
1725,866
48,36
1114,509
366,182
637,402
437,219
16,11
75,42
46,32
1899,978
586,290
265,139
2371,1253
1649,1036
888,558
477,290
385,212
173,115
4,4
46,29
10,8
38,17
420,197
12,7
751,425
1688,854
874,413
43,24
261,165
1009,502
5,3
490,333
199,91
270,171
488,297
420,209
21,10
154,100
449,240
462,227
77,52
503,313
31,22
28,19
216,124
156,86
69,40
322,187
89,47
978,529
294,170
80,44
132,59
82,53
1030,514
116,72
1396,888
387,189
184,85
331,189
590,286
333,214
79,37
578,394
1346,860
3532,2215
4265,2227
266,168
467,229
1626,737
103,59
137,84
1609,977
484,233
360,191
426,255
1707,877
577,366
746,394
26,17
489,252
130,56
47,30
213,143
468,262
736,379
987,497
1,1
401,220
478,306
364,219
300,184
31,22
1118,763
957,502
2148,1126
64,49
1232,817
382,230
659,409
370,235
15,13
577,293
1518,940
299,190
732,354
421,252
999,609
516,313
80,45
763,500
334,150
51,33
27,17
267,182
986,469
3567,2191
2066,1212
1157,552
3271,1653
1816,1159
3,3
893,588
97,46
748,380
211,137
1321,694
1883,877
3,3
938,636
286,141
585,365
318,171
28,19
539,252
53,32
2060,1323
426,190
87,46
1017,545
27,17
146,79
221,156
54,31
21,16
5,4
700,460
61,40
718,453
1119,576
48,37
264,167
593,281
783,424
2036,1256
43,27
432,275
491,287
179,108
444,231
1,1
436,266
628,400
2114,1342
1334,688
1088,667
25,7
1293,608
806,436
208,116
359,208
270,140
555,262
488,283
486,248
2,2
198,131
10,9
4,3
534,297
283,177
70,50
1540,741
12,5
234,118
465,245
645,324
8,8
236,128
772,411
3883,1909
29,16
412,243
295,165
865,418
319,175
327,212
198,92
912,548
801,387
9,7
181,103
154,87
237,140
881,448
739,382
5,5
1692,836
3517,1760
343,196
632,277
279,190
196,126
174,117
67,53
1099,563
163,110
279,133
1051,621
142,95
33,32
3789,2405
16,10
945,583
688,448
788,398
236,110
4111,2590
2226,1073
491,307
29,19
938,568
188,115
66,43
297,182
687,345
267,140
17,10
1505,942
2438,1474
2369,1480
33,23
2760,1401
88,38
511,325
4937,2526
3,2
97,49
1120,560
278,158
84,45
339,185
121,75
899,588
388,259
94,70
6,6
370,183
594,398
245,146
2337,1237
5,4
131,65
436,224
3094,1925
129,88
79,39
525,282
2766,1406
1029,659
131,73
4063,1982
832,542
1787,846
18,10
894,477
868,434
2345,1158
122,66
768,500
64,30
123,65
472,293
412,193
255,149
381,177
109,64
778,496
1004,496
349,231
1917,939
721,435
134,60
110,55
6,5
60,45
68,37
402,225
114,51
133,77
826,440
2521,1637
22,20
963,596
811,530
351,163
6,6
384,252
338,168
342,214
1044,669
6,5
1232,661
211,112
344,179
82,52
134,94
279,153
275,170
470,271
384,244
625,330
267,153
400,191
95,63
70,29
302,120
5374,2790
123,64
63,40
44,33
1,1
695,363
582,375
168,101
11,6
63,46
93,63
911,575
207,99
718,472
744,457
777,492
91,42
150,66
589,293
900,561
722,374
788,497
152,85
461,240
161,89
1540,954
53,26
86,45
10,8
1152,594
743,396
1370,868
156,88
1074,519
69,41
1161,588
505,257
1918,900
41,26
112,61
917,576
652,402
27,16
38,19
119,57
39,27
491,349
4650,2492
109,61
1293,700
139,90
1,1
28,11
45,32
216,115
106,70
21,13
358,193
76,48
3601,1793
159,92
1047,644
269,141
101,63
1932,1196
528,273
1446,946
339,168
66,44
122,55
200,115
351,161
272,162
1023,647
38,26
474,218
256,140
76,34
146,81
3387,2149
1240,669
1386,867
311,152
517,257
3606,1810
1523,983
1364,685
158,100
71,47
489,221
193,133
181,115
5,4
662,320
77,56
234,122
384,191
2158,1121
851,436
611,314
588,340
23,13
1785,1098
135,94
168,99
308,155
557,335
72,43
552,353
82,52
864,520
141,86
1247,656
240,142
328,176
66,39
1359,823
1187,721
10,6
4043,2087
513,253
16,9
395,177
40,21
567,355
176,96
506,299
453,268
189,125
466,297
44,21
9,8
456,236
110,62
34,21
463,220
428,253
270,128
836,538
1390,710
23,18
492,262
246,153
809,405
154,74
1140,685
856,421
622,406
95,53
114,62
949,605
84,41
116,61
297,166
60,36
512,325
574,299
447,267
20,11
611,281
343,218
249,135
187,100
906,583
344,193
1,1
1,1
134,89
757,476
701,380
131,72
236,147
1111,550
2740,1392
463,285
527,339
1096,547
61,40
442,228
599,368
1279,689
1952,995
1451,920
6,5
299,159
34,28
1825,906
118,81
257,165
434,270
668,396
8,6
1217,573
152,93
2218,1148
119,69
1000,474
50,33
186,98
441,286
418,272
27,17
726,382
368,190
2,2
70,37
92,52
593,380
541,284
244,144
281,171
83,49
217,98
380,237
673,436
60,35
1608,1031
676,384
241,122
836,511
259,118
631,384
485,299
199,104
2116,1053
1272,648
262,132
865,577
157,106
433,288
635,328
37,19
357,223
100,67
99,59
737,376
532,361
9,7
566,281
754,368
66,36
1330,618
212,123
735,376
9,6
1636,1013
18,16
28,15
536,324
800,396
26,18
327,191
29,17
233,110
868,420
1307,829
54,38
3030,1865
109,62
88,51
25,11
3910,2029
51,31
211,109
501,247
2155,1341
3260,1685
2537,1312
380,187
18,11
2092,1346
2277,1130
22,19
327,219
729,479
95,67
623,315
74,29
40,25
1594,809
30,18
306,200
761,467
702,459
247,124
259,164
143,89
147,94
1034,497
457,293
423,278
614,355
150,78
285,170
339,212
147,90
546,258
981,637
3790,2403
582,296
2746,1764
38,20
475,287
2,2
195,101
21,15
584,296
592,323
122,61
13,8
174,121
242,109
427,204
441,214
396,255
220,100
71,38
334,200
674,422
415,250
464,291
1288,631
80,43
335,148
3,2
443,234
27,23
1573,790
368,183
27,13
262,164
1563,776
973,469
2171,1287
1618,975
2372,1496
200,126
488,307
1722,1126
1033,640
47,21
94,56
520,301
8,6
915,450
190,98
179,102
267,154
566,281
182,107
106,67
776,375
6540,3321
65,39
504,319
636,332
2299,1400
1283,677
138,78
1138,594
914,486
126,58
597,372
232,139
91,59
1417,871
410,203
35,26
854,433
1547,958
885,439
454,289
1094,550
43,32
1366,736
351,221
198,127
86,46
73,47
149,73
206,108
303,152
684,416
4850,2420
358,183
505,241
97,62
1939,1231
695,437
588,280
729,457
24,17
22,15
93,62
506,251
1,1
56,30
154,89
373,213
1239,726
1961,1272
594,311
830,547
1531,985
1110,590
88,49
893,573
2840,1429
383,249
2428,1449
437,269
1748,909
1611,846
150,83
646,314
213,101
352,232
77,45
23,19
886,538
423,219
135,67
44,22
4534,2323
34,22
144,89
298,156
391,180
2,2
161,100
524,248
672,340
106,58
223,102
140,70
2196,1119
238,149
26,18
1437,917
921,460
998,624
506,292
138,89
1425,877
3434,1675
1263,637
5356,3402
42,24
3236,1647
679,436
2961,1906
210,88
113,60
492,268
2220,1365
407,181
2159,1374
138,90
230,112
726,432
74,47
1041,637
356,200
212,111
344,219
557,310
254,140
799,483
113,76
7625,4874
905,474
295,161
68,46
1904,913
994,481
1110,666
627,289
255,167
158,81
16,10
1446,744
213,93
4433,2264
234,163
78,54
1157,557
27,14
127,62
582,347
396,239
12,10
5,3
612,311
60,37
1,1
395,236
304,171
653,327
166,86
185,91
1128,626
123,60
133,84
328,221
12419,6318
1748,850
152,85
105,51
239,123
3,3
307,148
121,75
514,274
133,80
924,548
201,126
672,406
245,143
149,77
56,28
580,392
2041,1309
1400,706
3810,1993
5451,3243
883,576
244,140
12,4
2583,1654
1420,919
106,53
277,147
17,12
479,241
1199,628
1591,820
265,154
785,475
26,22
216,121
1042,643
396,236
313,186
76,52
37,16
43,28
314,203
762,363
90,52
517,277
56,36
44,29
719,353
401,240
113,48
255,153
622,378
634,396
230,117
998,533
222,136
561,268
470,264
75,42
332,197
291,140
1848,1148
36,23
404,266
4927,3069
2027,1303
1411,677
264,160
102,53
481,313
1,1
261,177
10,7
4733,2352
312,159
182,118
161,75
1200,616
177,69
353,202
187,90
393,192
1623,827
1717,895
309,134
12,8
2672,1710
265,129
535,265
545,341
1030,611
25,15
88,50
207,103
838,448
526,253
28,16
141,70
1436,745
36,33
195,118
325,207
1176,763
272,149
55,36
499,251
390,239
72,33
1492,754
3794,1886
9051,4449
9,8
1133,594
1,1
121,67
675,349
294,190
562,351
230,145
249,117
20,17
296,158
510,312
1332,662
752,389
182,108
124,72
101,61
58,35
682,387
1,1
94,54
120,86
89,51
101,62
19,9
61,26
138,77
1220,747
622,387
65,32
137,66
208,103
20,14
77,33
148,106
1010,622
330,206
51,23
970,563
301,166
1063,536
736,431
15,14
157,84
1168,740
146,81
547,290
135,69
243,164
894,449
354,165
206,94
308,151
323,148
292,193
564,262
568,271
934,469
798,409
403,245
1219,611
320,201
271,149
935,571
472,245
11,7
1543,750
1106,529
504,314
73,47
984,618
27,21
339,158
1043,650
286,159
548,305
105,61
512,254
104,63
9,5
2598,1616
68,42
520,340
624,298
1706,1017
9,7
8,6
469,317
9,8
173,108
166,102
254,159
87,55
28,17
552,258
122,75
551,330
623,307
680,423
815,510
362,168
26,14
1067,651
1908,964
759,490
1439,749
1247,621
644,385
728,445
143,92
547,278
951,441
504,312
579,296
1307,662
542,336
1004,615
1,1
97,59
258,159
5229,3343
4049,2041
698,471
208,124
239,131
333,224
51,38
409,275
19,13
100,64
404,249
831,533
725,402
302,136
376,231
236,121
987,460
13,8
29,16
108,49
162,95
765,474
341,181
402,204
559,326
1243,635
94,62
91,54
523,268
558,314
368,195
138,94
123,61
3263,1608
336,181
241,130
704,377
12,11
827,535
495,260
1091,670
10,6
89,57
86,47
1838,1159
90,57
56,48
820,421
1257,617
14,8
191,122
105,54
26,18
3045,1513
1395,747
287,168
225,138
492,304
1756,893
466,311
266,178
38,25
266,163
111,72
4,5
1546,802
449,225
1,1
118,59
3427,2144
1671,992
2022,1293
139,77
382,279
156,79
34,21
888,538
766,412
566,291
61,40
81,39
524,330
128,60
23,16
121,79
334,187
1331,824
809,368
976,630
102,50
1390,841
413,219
82,47
661,313
483,239
6,6
1402,871
374,173
448,287
53,34
429,274
456,229
515,335
205,112
307,176
81,46
180,97
825,386
105,60
677,415
82,55
2030,1051
136,67
188,130
381,212
128,67
111,77
3,2
28,19
937,466
39,22
1458,907
88,43
1117,690
879,558
1717,857
1140,590
23,19
520,266
129,66
475,301
661,429
31,15
19,12
81,45
680,410
22,11
201,111
239,108
798,496
391,179
367,191
1089,562
4897,2466
1820,930
241,138
1620,826
54,34
10,8
740,459
280,124
94,47
586,300
996,619
11,5
469,242
77,48
30,19
1585,830
374,222
1,1
62,32
23,15
4308,2190
1004,605
1524,745
50,34
1407,676
271,170
67,36
467,300
1498,746
204,101
92,53
2304,1159
342,217
386,221
97,49
177,94
448,255
39,12
582,355
75,30
462,243
1142,512
1774,1103
719,467
2581,1339
773,469
371,190
896,559
43,16
5893,2892
354,222
20,17
2502,1561
111,63
514,242
297,164
81,56
1343,749
105,62
2,2
44,22
1859,1130
132,57
727,356
32,24
118,78
379,187
75,45
49,31
1297,636
302,158
90,61
64,27
550,287
933,455
597,289
404,218
53,38
63,39
313,159
507,293
325,166
52,21
758,394
2920,1822
112,63
91,56
1554,785
554,288
253,142
43,30
14,11
2,2
275,167
1445,905
108,53
490,313
254,135
366,191
6885,3509
221,115
292,141
647,418
445,290
278,183
4,2
1847,985
4607,2298
199,131
142,74
1402,876
394,243
298,196
654,437
402,254
774,351
169,99
35,21
987,522
32,16
186,98
1860,936
33,19
148,97
102,63
367,189
1861,1014
53,37
148,95
33,23
115,51
2490,1259
24,14
477,283
86,45
119,56
56,37
839,558
157,106
205,132
2269,1489
4,5
131,71
17,6
44,24
159,89
938,552
947,609
185,98
3477,2175
457,240
124,68
39,18
747,506
25,13
1439,737
796,410
28,18
12,5
930,588
184,97
236,126
84,53
53,35
170,95
60,35
112,72
50,36
27,16
101,59
1338,865
51,39
465,298
1685,867
4,4
190,122
107,54
175,107
1184,611
2227,1388
1121,571
30,22
48,33
778,392
549,281
147,93
1,1
60,45
211,108
156,70
193,111
13,9
412,247
990,619
737,385
1376,688
49,34
980,604
211,106
182,114
611,372
9,4
83,56
589,337
4,3
136,75
2268,1442
22,15
668,328
248,136
3204,1558
1081,647
1560,736
1321,813
6260,3215
175,82
1018,665
388,205
419,264
657,412
144,81
321,159
280,155
287,181
155,79
83,35
360,158
119,66
1084,501
299,131
1,1
300,126
1720,883
72,38
1,1
97,57
26,12
147,89
399,213
1131,599
358,172
57,32
102,67
114,51
2191,1384
112,67
2,2
817,454
457,216
178,121
16,13
423,252
55,33
46,36
335,160
1615,795
965,600
3599,2234
3372,1775
396,240
4371,2770
5,3
253,118
4101,2128
11,8
2440,1268
12,6
1757,1114
864,422
68,34
1416,713
902,460
37,19
256,119
670,419
413,230
54,38
357,173
1096,716
356,225
713,361
269,141
457,228
429,211
101,55
204,121
1471,933
130,90
214,130
716,360
367,186
566,289
704,439
333,217
38,23
33,24
47,35
221,131
127,80
43,23
185,92
2508,1610
648,308
63,36
163,100
96,63
253,130
1006,450
592,287
1050,637
54,28
28,21
394,251
68,31
329,213
155,75
215,103
94,62
71,32
98,46
464,285
466,211
305,172
147,64
339,198
184,100
385,190
1340,770
462,297
925,487
709,342
1863,1150
75,36
360,192
640,347
109,76
727,363
162,83
750,473
468,289
419,220
361,231
1719,796
2151,1390
161,79
224,115
2738,1451
359,216
200,118
861,401
476,248
152,94
1530,776
276,153
385,251
100,51
8,6
212,91
332,190
3137,1647
102,56
282,166
74,32
132,90
194,115
512,263
521,279
2541,1541
170,99
184,109
134,81
1220,651
526,325
195,102
88,64
72,45
569,252
135,81
220,141
194,123
816,411
4303,2243
47,28
88,48
204,91
4,3
777,512
453,290
2265,1438
10,9
122,58
2400,1233
1687,847
2840,1741
151,78
59,26
381,188
463,261
813,519
220,130
784,381
40,25
57,39
91,67
419,250
466,281
303,197
858,420
771,371
2041,1040
812,403
295,177
163,91
315,177
191,111
103,51
1190,598
2153,1343
874,511
478,245
177,110
577,373
3457,1746
253,129
165,79
1365,853
369,216
324,128
5151,3310
1486,749
1137,686
675,448
861,560
1029,652
345,175
517,318
677,412
31,20
1132,690
362,164
260,116
1647,826
2587,1243
45,16
72,40
658,380
23,14
98,63
796,522
786,478
110,54
180,117
2093,1032
145,85
363,190
374,237
81,55
2,2
105,42
1032,676
171,107
803,493
1,1
254,124
1891,902
236,134
609,286
2997,1925
485,315
267,170
273,137
137,83
249,151
137,82
805,500
38,28
284,151
506,312
208,132
386,174
2241,1088
67,45
628,384
323,156
1364,676
4,3
71,38
568,296
1780,1144
512,259
507,309
1214,729
593,283
9,7
5,4
757,395
3986,2530
714,422
367,220
104,55
65,37
619,389
582,386
430,271
106,69
79,29
131,82
357,220
200,115
388,228
33,22
17,12
2810,1434
209,100
296,181
1059,649
3733,1915
379,198
354,164
1331,637
217,119
170,119
1765,928
488,245
431,220
1402,854
469,246
176,78
1249,663
582,287
507,265
561,311
150,99
397,251
273,119
391,186
867,593
1000,615
93,50
5953,3058
193,102
150,78
349,219
252,158
955,474
670,418
129,67
80,49
234,143
402,210
429,206
1452,691
7260,4637
404,243
234,122
521,325
650,380
395,251
29,16
5243,2586
998,520
200,124
382,258
168,88
666,413
1551,943
306,201
24,12
37,22
1080,520
488,308
5,2
689,377
953,463
529,272
80,58
159,111
1088,699
686,454
116,81
46,39
502,339
598,358
1933,929
5617,3576
594,275
624,373
1096,531
4,4
960,604
279,173
408,237
78,41
482,256
32,12
64,31
2235,1386
46,23
142,80
1,1
20,10
925,442
410,261
959,625
175,113
120,84
382,179
1459,747
220,110
111,52
1156,721
3676,2242
152,91
823,507
2360,1227
1481,931
391,198
2632,1322
265,137
1,1
944,627
163,74
1671,852
878,547
176,90
54,31
771,494
132,67
236,154
1,1
184,120
64,46
528,281
358,182
253,120
148,98
344,219
2266,1463
47,24
214,115
60,37
241,159
187,113
1776,855
166,102
869,453
7756,4865
3986,2057
1656,1050
43,24
60,31
528,232
1742,874
249,140
9,9
79,34
1153,525
1730,1068
142,84
387,229
112,74
1565,842
264,152
390,172
1004,493
41,23
237,112
972,467
406,194
112,69
94,57
124,81
89,40
578,345
114,64
69,35
459,291
73,34
24,9
203,131
323,178
646,402
37,20
589,289
1181,605
788,394
1391,704
3264,2082
2870,1462
1115,605
148,100
182,93
9,7
368,219
417,206
410,239
115,57
795,420
1768,1112
1552,952
70,48
81,57
456,217
1243,803
4091,2034
670,335
292,171
367,189
2377,1165
29,14
559,280
2879,1441
664,320
27,18
673,415
1483,776
254,162
265,162
252,120
1200,630
684,349
442,262
320,195
706,333
537,282
458,238
1570,794
30,12
10,8
623,389
669,416
632,384
468,296
702,350
249,178
682,349
1,1
246,173
694,364
145,110
52,42
328,208
206,96
1071,539
684,364
1553,983
1,1
1594,801
325,192
222,145
322,176
1,1
29,24
9,7
1287,789
443,190
133,65
284,125
609,357
616,381
1008,518
450,241
4,4
1,1
280,152
382,181
113,63
479,226
47,27
99,57
633,317
1405,900
212,131
584,264
738,388
1049,631
440,279
121,83
754,397
31,29
569,290
813,391
1114,587
246,153
974,643
676,448
1668,776
723,455
90,43
989,523
37,22
144,67
236,130
80,63
118,75
34,18
479,268
819,439
794,491
607,378
403,188
1005,490
9,5
2327,1548
663,340
388,242
612,314
256,167
404,197
252,167
214,133
42,25
624,293
1085,667
461,300
4,4
373,230
486,236
117,56
58,31
413,276
166,95
175,100
24,11
158,85
818,410
36,21
3400,2162
497,248
1127,600
1050,530
813,505
769,388
363,239
498,314
639,304
273,176
90,66
917,505
49,28
1420,913
110,64
320,181
282,135
1,1
219,110
500,264
78,41
270,169
1231,789
91,56
566,305
182,117
290,179
462,289
288,184
137,89
195,124
1227,735
982,637
1959,968
237,153
143,90
345,169
724,446
1230,628
1696,881
769,510
79,54
37,24
794,488
270,162
548,284
154,113
33,17
320,194
24,18
1080,696
58,28
542,283
166,101
716,363
1667,850
308,192
49,29
3248,2046
338,213
300,205
89,57
1440,882
4269,2152
689,437
79,41
25,18
37,23
166,111
2175,1330
304,185
684,334
131,79
433,229
70,32
423,255
105,44
160,73
47,28
216,105
469,225
860,449
1074,683
709,427
389,244
86,42
155,72
147,59
891,445
2834,1355
14,11
136,76
284,167
65,36
200,91
390,253
716,359
834,493
375,171
131,81
32,21
339,223
760,467
524,255
542,264
195,139
3150,1912
9,6
24,12
4513,2263
266,161
189,90
470,215
114,64
471,291
82,52
318,174
1220,789
2135,1329
488,302
434,282
2637,1382
179,98
197,112
203,96
288,138
140,89
98,53
280,139
870,426
1439,877
13834,6924
1134,682
18,7
174,105
158,81
309,173
2039,1044
3,2
128,59
1980,1240
836,388
308,143
485,250
250,123
47,37
638,313
212,111
797,444
1621,1044
255,123
1335,684
2785,1374
286,182
415,252
1387,698
363,198
375,234
178,103
1027,614
423,266
738,401
991,460
40,21
1133,588
259,163
435,271
1603,798
1,1
31,20
1319,641
27,14
2,2
486,215
3038,1549
250,135
24,18
258,118
23,11
5,4
149,97
100,53
1208,749
606,378
89,51
1315,839
182,117
710,424
654,425
147,76
276,174
1111,679
203,102
63,27
1011,512
382,177
5046,2551
49,31
15,12
1,1
978,472
627,378
2016,1011
563,296
267,176
25,9
848,525
457,291
73,47
142,71
2109,1332
1125,674
64,28
37,20
129,82
94,65
198,115
682,324
57,39
261,131
774,459
317,155
67,32
1500,900
762,472
101,69
358,245
796,392
3467,2096
124,77
297,191
99,52
202,140
86,61
991,501
467,226
108,65
55,34
154,75
913,565
1954,1216
159,95
128,81
383,234
218,117
165,85
7,5
253,139
1220,593
213,131
260,122
551,320
1811,1171
753,475
245,107
1351,828
1043,636
822,446
181,96
313,149
3263,1619
662,407
2119,1292
310,153
28,15
266,139
2631,1340
1403,884
490,224
529,277
2326,1492
17,14
599,344
2541,1222
557,327
135,74
384,190
1318,643
5324,3287
1028,505
305,185
772,364
410,223
162,97
324,213
431,252
764,465
196,98
414,198
311,186
470,241
832,534
138,72
2953,1922
59,39
241,137
103,62
71,43
568,280
87,50
2106,1281
226,101
546,292
461,228
300,126
2181,1329
89,55
405,226
307,148
799,484
48,28
541,302
16,13
100,66
1338,903
455,268
517,266
2106,1067
656,403
109,47
1563,820
345,168
60,23
244,149
595,326
419,214
750,367
637,278
968,504
433,209
16,13
613,322
184,88
1085,689
376,241
676,402
939,478
242,169
1531,727
438,238
272,143
528,280
159,84
386,213
99,54
1219,762
362,204
137,60
1895,1185
372,238
185,100
574,305
606,370
123,67
192,134
998,626
43,26
959,457
809,523
259,144
707,435
180,93
138,75
622,274
340,230
61,37
448,289
165,98
1247,634
313,186
33,19
58,33
122,71
184,118
338,209
156,109
424,205
400,181
373,197
346,171
130,77
731,347
161,70
1210,781
220,109
619,345
80,58
269,150
437,226
747,474
745,439
209,97
779,514
74,54
438,209
491,320
391,205
208,134
1482,782
215,91
2622,1626
176,75
274,177
3,3
244,143
360,168
166,87
209,96
474,288
275,140
516,309
87,45
10,9
691,481
748,373
560,363
93,67
182,106
889,461
95,66
1412,882
626,338
1581,786
770,487
977,643
608,377
429,211
655,388
176,105
300,174
279,186
187,89
151,77
648,296
16,11
1586,1054
905,559
19,15
380,219
239,141
57,36
222,142
42,34
199,115
945,478
1374,752
108,66
12,11
337,205
387,235
47,28
42,13
398,184
745,457
3728,1874
788,369
93,61
1535,797
51,32
149,99
2406,1201
167,100
231,143
90,65
149,69
1601,800
85,56
90,51
372,223
28,11
179,109
1192,744
653,308
2291,1420
266,178
2031,1043
164,90
891,427
986,653
1001,475
629,308
720,461
480,325
13,11
2557,1612
1242,765
478,261
1256,615
658,430
237,115
40,30
574,303
2679,1332
927,547
401,265
345,208
45,26
259,165
2594,1653
491,245
2323,1440
228,111
2076,1027
180,91
69,33
475,235
263,165
425,215
159,110
5,4
157,92
15,9
323,204
105,67
111,52
253,160
131,73
632,335
554,312
221,124
793,526
83,59
2198,1057
1928,946
220,112
1831,1130
43,25
90,56
783,489
419,257
425,213
544,274
2274,1430
1295,833
551,275
392,255
801,406
639,346
1648,1027
85,58
1,1
454,224
276,155
938,495
398,229
141,94
72,44
630,383
34,21
115,68
9,6
128,64
80,59
541,309
3110,1508
14,8
848,434
671,413
203,144
39,17
170,109
116,56
648,313
316,162
442,223
311,142
414,221
77,35
657,426
121,101
213,130
718,452
576,300
901,444
58,30
394,244
2,2
122,64
709,337
989,599
297,189
2459,1257
545,274
141,68
1771,925
965,459
212,145
2,2
1517,746
580,351
6,6
27,24
914,562
474,301
536,267
359,230
1127,712
136,69
89,64
1553,754
736,356
296,150
581,393
228,139
528,342
33,25
6,6
384,194
122,80
855,447
128,85
77,42
216,116
41,29
474,314
56,35
484,240
582,299
4,4
79,40
562,351
222,115
679,331
412,225
567,366
201,115
2900,1793
3914,2476
2634,1325
439,202
287,151
640,324
166,100
77,49
84,50
353,215
652,325
99,44
383,190
253,154
1390,851
909,474
508,250
390,179
370,235
48,35
428,203
343,183
151,102
367,202
824,493
911,465
453,215
45,26
1880,1182
2736,1384
152,76
899,580
911,448
1464,753
440,241
716,449
120,73
382,172
81,44
1282,703
1685,854
107,53
69,36
560,279
11,9
477,264
2050,1239
41,19
547,355
32,19
1,1
2892,1849
82,44
560,335
240,116
310,177
20,8
300,143
157,84
263,128
231,120
275,179
24,18
753,368
30,14
1867,1154
606,313
245,132
8,8
822,395
719,368
1771,1052
921,575
530,336
578,297
509,307
448,309
573,295
59,28
256,155
437,291
236,97
6215,3102
614,304
936,471
1227,729
53,25
121,69
6321,3888
28,17
180,85
88,63
84,50
697,397
195,123
1082,557
2583,1330
556,341
224,144
899,557
287,175
375,184
173,116
87,46
465,216
313,191
157,102
580,353
5,5
131,66
422,188
1493,962
979,499
1048,521
35,20
486,296
6556,3446
1709,1090
5142,2628
20,16
256,159
411,239
69,36
1127,570
270,121
139,81
210,93
253,166
294,142
802,376
1027,642
38,22
1317,688
17,14
188,120
1852,1137
295,139
1082,560
1008,588
415,271
538,277
609,384
1,1
240,154
332,203
106,64
387,217
609,318
82,34
96,57
398,260
58,36
405,213
460,222
747,463
1459,733
29,20
48,30
358,185
437,251
7,5
1012,493
2329,1478
513,299
313,157
272,182
19,13
639,395
72,54
583,371
261,116
2842,1857
1323,658
224,100
6,4
7886,3935
31,17
3030,1483
1899,962
67,44
1419,717
496,252
162,83
122,81
509,281
56,41
564,347
69,48
91,62
2113,1317
111,58
574,288
266,134
721,344
17,10
636,375
313,146
1348,832
1398,847
9317,4852
265,154
85,46
229,154
594,361
339,204
949,601
17,12
212,113
300,185
137,75
247,116
731,445
52,35
74,43
491,251
1,1
273,175
782,485
425,284
31,18
32,25
198,117
247,161
3166,1945
1374,880
75,31
592,294
293,183
788,397
137,109
1237,647
424,226
64,45
6,4
202,134
1504,766
178,112
152,63
51,36
84,43
7575,4722
2655,1312
285,164
174,98
838,384
168,95
212,140
497,288
388,210
217,139
658,417
650,312
50,34
7,7
864,517
55,33
692,337
1738,1118
1186,635
64,41
570,283
1,1
281,137
319,151
274,168
177,83
273,168
685,416
107,47
97,65
3289,2129
25,19
26,22
1506,925
8,5
87,51
140,79
1844,908
43,18
682,346
136,93
524,327
62,40
119,68
183,91
671,346
773,459
102,44
567,286
242,128
505,319
1082,655
383,175
796,491
355,173
4922,2511
599,307
4103,2155
63,48
1078,651
1950,1002
232,151
498,322
342,194
809,478
45,30
246,150
300,128
108,51
1014,485
178,105
2355,1425
1070,537
493,245
593,388
231,122
96,63
69,50
871,556
1642,814
1401,869
301,173
1001,476
376,217
1354,643
131,59
1295,810
16,10
590,288
1012,631
369,228
357,210
139,90
1056,556
44,23
302,187
421,262
269,135
276,113
216,145
679,369
430,287
109,70
418,271
1408,705
747,458
7,7
2474,1200
40,20
32,21
1833,906
1075,516
174,92
21,16
260,154
777,483
335,205
121,55
266,171
2189,1146
4258,2728
47,33
936,494
647,423
1444,707
245,115
477,225
408,264
105,60
1797,912
152,82
670,344
124,56
3533,1848
152,97
481,230
215,90
523,248
167,89
24,22
1698,1056
89,45
1662,855
320,203
402,258
71,42
1084,514
319,156
138,71
7,6
12,7
651,344
368,218
349,214
230,117
703,381
161,108
600,293
1359,683
195,118
255,160
54,42
581,340
1022,481
82,38
1596,812
335,203
1186,610
36,22
2,2
175,118
171,113
66,35
137,82
366,223
61,43
1056,546
3340,1722
605,297
504,307
11,7
1085,573
148,89
134,76
70,43
1316,678
812,382
2289,1396
55,30
99,53
474,254
2057,1053
101,57
2513,1575
165,98
282,161
411,260
1974,1019
99,52
330,163
116,82
142,72
946,591
439,281
373,177
252,118
48,11
1434,940
265,179
118,68
7,3
1266,797
25,14
1,1
293,176
18,11
1807,916
583,361
1084,696
54,39
102,75
1836,892
457,293
506,298
233,155
277,163
253,153
443,215
848,436
551,380
323,150
262,149
1876,916
1221,602
290,157
515,296
179,103
626,325
22,18
3,2
1737,858
22,13
945,458
259,164
955,482
565,249
224,111
756,432
123,97
89,44
2811,1742
125,71
632,424
194,102
63,38
223,147
442,222
154,79
353,235
1256,804
1709,1029
2618,1605
800,470
259,127
137,65
325,151
95,55
597,292
1357,653
1231,771
1083,685
321,178
347,220
562,278
53,29
118,71
725,436
142,76
59,32
270,188
205,107
2,2
886,433
487,236
1279,676
1293,638
2998,1861
6411,4033
1661,1060
28,12
493,209
361,236
282,154
467,236
321,190
1804,1118
10,7
87,43
780,393
984,514
407,240
1082,570
267,134
442,240
1223,612
6544,4072
42,27
4,4
283,140
410,204
2988,1499
224,132
519,245
146,74
892,527
1005,650
501,233
165,116
189,116
321,188
1083,647
288,146
1335,667
17,13
165,87
691,446
4684,2461
407,247
207,113
669,352
2337,1424
154,73
514,311
197,94
420,266
135,76
1654,1001
3994,2005
1438,907
38,26
547,275
48,21
189,123
230,141
1813,1161
977,451
1356,863
303,170
473,273
1547,772
253,178
304,196
87,46
422,255
190,135
264,119
272,132
1013,642
196,132
707,377
1065,575
1207,616
663,336
966,490
66,41
96,59
39,16
67,36
185,115
325,153
337,171
826,508
346,214
1481,798
269,143
856,528
2815,1732
335,214
725,376
121,80
2664,1586
14,9
511,293
2131,1307
78,42
3194,1987
85,58
163,91
6,6
147,79
131,65
374,192
475,229
57,48
103,59
1513,757
64,41
468,286
415,266
1104,728
1704,850
459,276
69,43
363,189
4008,2078
2345,1115
21,10
250,113
138,75
1505,749
1580,778
565,307
3951,1947
337,166
1155,525
273,180
896,560
86,51
47,25
167,85
692,346
80,34
255,121
1363,844
107,55
723,352
27,19
1379,720
742,459
6034,3084
518,329
38,18
558,346
484,285
348,217
97,38
112,71
197,113
512,316
291,175
613,402
251,116
192,112
734,428
248,134
262,169
607,289
207,112
663,405
480,252
165,75
298,185
2070,1063
63,38
102,56
277,143
19,11
337,147
41,27
818,390
16,10
121,70
194,108
110,81
490,260
666,316
320,198
880,434
1071,666
1014,609
3204,1993
573,313
311,186
317,165
524,355
1342,684
229,114
428,236
233,129
1762,903
970,617
648,314
402,200
858,547
435,205
135,86
502,227
2,2
73,32
144,80
4830,2402
354,211
58,27
311,184
421,218
209,117
642,316
31,17
141,72
3286,1598
174,108
1558,965
28,22
125,59
452,224
216,151
1060,522
285,127
104,61
373,158
91,56
1,1
3175,1701
422,261
204,149
1701,1096
615,374
283,178
206,132
161,93
624,388
367,163
348,218
84,42
1464,731
4,2
3680,2262
430,228
193,86
59,36
201,116
651,329
44,19
189,110
8111,4201
23,10
308,136
100,58
325,192
1676,1016
277,130
20,14
190,102
739,375
350,173
61,40
229,113
101,45
672,361
1514,961
413,240
46,34
28,24
1325,834
30,18
2184,1349
964,488
49,26
189,86
517,322
616,397
449,314
506,245
1,1
1379,695
486,304
63,38
927,627
1744,908
516,332
15,11
660,335
508,258
64,44
10,8
759,393
953,594
381,183
1,1
241,152
141,86
1846,941
1287,786
23,14
248,169
223,116
626,373
173,117
42,30
90,48
170,106
162,108
213,109
1874,1161
1112,699
90,52
97,60
1611,781
58,40
119,87
1531,939
512,234
2,2
24,11
750,372
485,200
299,155
6,6
44,19
529,301
406,203
193,126
170,88
20,15
128,97
95,56
1010,530
776,495
45,18
454,260
513,315
958,613
150,85
166,92
70,40
236,98
459,287
500,311
38,29
62,36
188,129
584,284
646,403
2,2
95,60
157,80
8,7
713,454
858,408
1707,1055
494,245
123,75
1648,1037
53,23
227,119
73,36
298,188
134,72
3623,1840
374,221
2194,1119
8001,4042
34,25
923,587
393,237
90,38
193,102
889,427
371,198
514,253
72,41
1482,945
523,260
272,148
1362,682
588,274
325,151
1815,1176
122,58
143,87
482,249
30,25
1,1
844,428
1438,894
775,426
575,276
357,188
498,236
702,353
631,327
270,186
760,460
103,55
68,36
23,15
170,117
220,125
2,1
296,151
350,211
390,206
878,413
131,83
314,170
285,176
357,162
1590,988
855,559
375,190
51,19
2002,1177
109,60
158,87
86,49
397,246
852,422
1156,750
1627,987
117,63
186,119
2101,1102
564,348
1642,794
6,3
148,74
56,38
386,164
1,1
501,315
1851,921
232,134
206,100
16,8
840,426
653,313
1111,564
250,162
92,50
228,120
284,125
612,306
479,261
702,346
11,10
358,218
1164,586
760,476
56,42
1093,706
832,502
52,24
543,326
574,329
687,374
450,211
2686,1318
552,349
474,223
426,259
2,1
334,211
853,523
2012,1230
216,105
1393,843
1721,1041
66,30
518,300
1825,899
103,60
263,164
673,411
91,44
163,106
699,331
152,99
790,464
476,254
949,573
820,511
324,168
10,5
44,26
139,80
30,18
83,32
661,305
25,11
62,45
188,83
583,304
169,110
492,277
227,125
195,113
71,45
402,240
770,478
1412,705
379,172
161,100
394,202
79,52
697,346
72,31
1070,533
121,69
185,95
272,170
1213,636
5,4
746,349
1660,1044
932,588
1001,619
127,73
1986,1228
46,34
1627,880
191,95
2040,1228
651,324
562,348
230,149
1117,677
2095,1315
258,166
2823,1798
11,9
394,241
495,267
1,1
172,83
702,439
82,37
91,57
213,105
306,138
1973,1237
520,248
123,58
69,30
37,23
303,187
462,230
1405,692
1,1
540,353
255,163
82,48
136,88
109,42
600,357
265,173
136,53
149,90
164,95
1336,710
57,29
1762,912
732,373
520,340
658,421
180,103
2974,1522
147,91
59,38
346,217
655,333
438,248
14,10
1315,867
62,37
163,78
303,208
1146,695
275,136
612,313
1086,514
408,205
214,127
353,173
26,18
178,81
222,105
647,415
181,115
64,47
770,490
297,143
2,2
821,391
583,295
128,74
209,149
1637,831
123,64
593,288
33,25
3547,1809
161,81
636,345
1147,592
523,252
1434,738
651,295
194,102
55,29
429,210
95,53
139,81
342,178
817,432
2133,1123
1048,640
221,150
154,85
282,203
312,201
59,37
51,34
403,256
564,311
3770,2393
479,280
1340,702
2350,1403
4881,2417
440,262
924,585
1045,652
33,19
185,116
2132,1053
82,37
225,111
243,116
1278,652
112,64
691,414
386,249
1077,672
535,289
183,114
15,7
278,198
2248,1060
1387,709
991,615
4,4
695,435
1526,963
556,331
49,21
689,313
104,54
374,246
643,290
265,122
1664,862
261,182
1052,521
173,86
793,521
676,312
400,246
168,116
508,294
32,17
251,155
143,73
38,22
305,172
1183,771
77,39
105,73
325,217
223,95
539,252
202,99
1402,713
323,157
86,54
196,123
792,461
198,94
1657,809
297,142
1286,851
527,261
954,572
1826,934
494,316
20,15
1000,593
971,577
134,72
7,3
520,262
202,98
40,15
2178,1160
200,114
584,355
83,48
236,136
776,406
200,136
1684,855
352,208
19,8
611,307
23,10
1846,905
348,172
691,409
262,139
106,70
3755,2389
205,136
1707,816
983,473
174,100
62,35
595,380
1647,1030
54,27
148,102
690,365
920,446
2327,1437
256,118
1568,797
761,509
1,1
368,227
689,426
74,45
54,33
10,9
11,4
72,44
1856,1193
457,288
1,1
928,587
301,160
106,60
503,318
1717,1062
911,595
1678,852
438,208
335,182
84,45
261,130
1197,621
1557,978
2018,1043
1159,723
249,119
494,237
14,8
19,13
1190,710
1831,885
1309,818
536,278
116,73
1629,1008
701,368
466,282
125,58
3221,1640
171,115
154,80
845,503
209,97
9,6
1234,592
26,17
83,51
199,96
356,234
230,154
383,173
367,209
762,429
1500,910
123,50
41,22
946,468
55,40
2097,1385
2159,1278
163,106
24,12
1933,1151
145,67
7,4
135,92
812,488
22,18
1297,637
152,79
3,3
2207,1444
489,226
181,104
270,155
315,182
938,492
28,26
683,380
865,448
1497,951
126,62
708,332
722,421
451,226
1271,742
194,127
952,473
266,170
273,147
135,61
556,351
338,210
301,143
827,531
411,274
90,51
1474,835
5271,2575
43,29
47,23
700,456
52,24
3000,1903
430,269
1622,817
1655,844
747,474
425,216
663,318
87,66
529,242
2887,1852
221,113
650,280
465,279
315,194
1642,789
454,224
200,128
2568,1579
652,282
227,120
1,1
939,485
351,162
141,87
288,190
486,255
912,601
1930,1192
1169,579
40,26
819,410
100,63
1202,735
100,62
428,278
415,219
1346,790
807,522
816,528
501,270
16,10
905,573
803,408
244,159
323,174
230,130
114,77
545,295
493,234
202,134
126,74
610,306
2634,1664
1119,565
32,20
1877,945
617,294
210,142
130,75
1546,937
725,339
223,127
175,116
9381,5930
137,59
1475,894
119,77
357,187
1681,850
1,1
581,294
87,41
15,10
252,124
1399,865
775,414
11,6
1600,813
95,58
770,402
532,274
298,120
547,343
56,36
357,156
1603,848
1575,786
52,22
120,65
93,50
142,89
136,89
144,73
96,59
434,214
198,133
213,112
451,220
369,211
796,435
833,523
177,113
846,537
147,81
669,393
876,451
73,39
1160,729
135,72
270,142
52,21
128,76
862,424
582,311
4801,2904
124,65
47,31
802,498
36,20
1564,983
747,457
360,231
1650,1038
427,236
56,32
916,466
18,13
490,250
475,299
325,168
890,550
1487,906
105,69
3,3
262,161
2403,1503
129,58
673,334
891,449
180,72
141,64
523,255
765,398
422,195
1019,588
2130,1016
1789,1151
1,1
28,18
2724,1367
1240,729
695,344
52,33
614,379
59,41
40,19
186,105
177,104
1241,599
6778,3423
377,200
2296,1202
127,80
256,125
40,33
573,389
114,57
172,111
396,230
92,64
108,50
343,204
142,67
475,279
809,504
655,416
897,406
1,1
108,49
122,64
72,43
251,123
27,20
357,208
73,43
23,11
5858,2992
661,415
273,168
575,289
277,144
948,575
289,138
129,68
355,204
2,2
340,216
215,125
161,84
4085,2034
256,162
60,42
49,28
146,97
73,43
192,120
1,1
1695,814
13,9
1740,1090
1187,740
1221,612
1554,988
586,308
1509,786
327,147
114,51
393,190
458,262
50,29
47,30
2185,1349
473,252
1024,637
2597,1282
47,27
635,306
194,93
197,122
229,118
42,22
111,70
556,298
13,10
50,32
530,270
1019,486
4268,2681
506,327
277,170
85,48
95,57
223,123
11,9
1781,1130
83,47
221,157
1579,815
442,250
46,30
589,360
475,229
344,222
953,599
1880,1206
48,36
129,64
565,333
178,113
522,303
326,161
48,33
215,120
290,189
501,252
1670,1082
233,133
840,439
4537,2308
59,36
3086,1602
168,124
146,79
79,45
365,224
546,342
687,335
30,14
2529,1283
512,271
383,259
1124,717
270,146
1226,632
117,53
45,30
118,82
278,169
357,197
1710,838
510,265
39,31
229,157
1679,1040
343,211
921,568
398,198
19,9
89,50
171,91
382,197
376,230
1388,758
554,277
189,113
2605,1658
36,23
186,124
121,63
517,242
274,170
445,254
2362,1148
41,19
923,583
3798,1922
1046,664
854,423
165,96
190,112
2252,1168
1665,1024
1732,1087
579,294
44,24
145,91
562,294
404,244
3198,2023
956,464
1764,1108
58,25
11,9
279,181
364,211
274,141
2583,1316
1061,660
374,183
563,266
1022,534
223,164
429,261
1878,960
460,283
788,371
400,260
19,12
554,276
836,432
45,34
1117,690
216,101
677,436
3,3
92,57
116,47
309,157
167,103
137,92
1219,603
160,104
1819,926
3072,1538
1098,728
2482,1289
1,1
264,141
15,8
77,30
280,149
631,382
687,340
348,206
644,379
450,198
551,234
260,140
529,340
79,52
188,113
1088,696
117,68
670,331
111,46
66,40
198,97
575,303
110,61
1314,651
972,605
2,2
399,236
17,13
465,196
613,279
1054,524
1181,731
1666,826
457,286
31,14
2114,1032
330,153
155,101
387,204
633,418
23,8
64,38
38,27
725,469
2062,1084
45,23
158,72
255,128
615,306
757,410
670,346
181,100
688,348
516,331
66,50
1489,772
2522,1606
2389,1509
48,23
1,1
319,148
1,1
110,68
770,448
63,30
43,30
670,404
849,405
92,56
125,53
1249,752
700,437
185,73
288,153
710,381
2259,1426
488,269
1,1
543,354
186,90
837,458
893,551
45,29
1059,653
67,40
3543,1763
446,209
2321,1238
161,95
635,316
51,32
93,40
362,191
303,177
899,472
750,411
308,165
1511,943
990,620
2226,1161
607,382
847,450
92,63
620,349
76,37
253,114
995,582
20,16
295,182
1098,559
1410,842
319,151
682,396
253,177
76,49
99,63
3288,2115
182,103
593,284
1360,672
646,310
13,11
1807,919
327,197
690,427
186,122
407,234
1162,662
1128,605
21,17
588,278
1238,771
905,566
206,124
1923,962
119,70
1425,691
133,90
188,104
125,66
22,17
159,98
384,199
627,323
178,109
20,7
550,293
1523,786
223,96
29,22
527,323
783,434
1029,670
213,132
1690,822
1237,618
871,529
188,130
1674,873
249,152
393,187
171,83
518,268
2216,1301
1212,631
392,179
497,258
502,312
167,79
606,313
402,242
1345,861
34,10
883,534
4364,2221
516,321
276,154
438,217
288,175
358,224
102,53
712,338
292,161
766,372
156,83
585,286
260,173
1377,848
907,443
400,215
262,134
1793,1112
10,4
207,141
296,157
962,488
68,50
4087,2494
1471,804
136,89
3727,2296
20,9
97,46
2897,1826
479,218
1,1
164,80
297,140
349,194
965,585
1126,552
208,100
162,95
484,285
2159,1078
847,455
1775,1140
1323,679
1094,693
3234,2128
170,89
490,304
1053,530
190,98
777,457
967,573
21,18
1170,611
1589,792
399,269
498,246
1553,927
243,132
3,3
431,286
17,11
839,406
76,45
1294,607
801,386
619,309
165,74
43,14
24,19
13,9
162,87
1618,1028
83,33
49,38
2917,1755
1174,736
1318,722
171,94
316,203
155,80
162,85
581,284
85,47
667,409
167,73
189,109
60,35
43,15
1135,712
1958,986
1643,1014
288,187
69,44
28,18
439,209
1045,612
1850,972
15,8
439,217
284,183
297,150
557,348
57,31
784,386
133,80
311,171
33,19
31,18
579,371
735,357
398,215
430,198
2276,1433
247,129
192,83
29,20
16,11
237,144
54,36
1789,1043
131,74
1092,564
5473,2820
105,45
227,138
283,193
852,442
715,471
5057,2523
238,135
7296,4591
156,103
260,126
112,65
149,86
714,461
900,561
674,407
294,185
6140,3073
226,119
869,413
1005,612
548,329
8,8
186,112
7287,4667
556,316
694,356
315,162
149,100
1161,561
279,136
1050,474
2545,1655
884,572
10,8
562,327
1300,792
4575,2427
676,348
71,30
99,63
392,190
375,235
307,198
240,122
258,137
1043,565
44,24
526,278
75,51
548,372
67,35
442,245
1095,526
259,127
52,35
1248,749
225,142
5,4
1011,637
12,5
263,121
1340,666
27,11
759,353
453,229
252,165
107,69
754,403
116,54
1102,523
507,239
1313,819
398,251
366,162
394,194
67,40
3362,2073
38,30
257,126
169,103
1932,969
767,330
447,285
4387,2783
372,226
1308,668
59,36
215,120
62,43
190,118
776,439
217,114
1056,537
405,250
1259,802
1202,732
125,76
242,128
193,101
1,1
143,75
1636,1091
1768,1113
169,85
552,261
217,129
391,201
911,409
88,38
239,138
598,272
302,145
754,411
436,237
1668,1049
33,23
172,100
288,160
531,304
357,222
973,642
1230,752
246,137
532,284
951,447
339,184
2473,1543
14,8
479,244
431,203
39,23
111,57
431,265
609,277
272,162
189,106
408,204
84,65
624,311
35,22
1005,622
670,331
27,13
442,289
644,401
1080,538
492,257
361,202
1586,832
1423,874
119,45
464,241
124,81
379,180
937,587
64,43
196,126
854,465
30,19
254,128
136,70
1,1
133,87
3,3
1076,664
42,22
334,202
1039,661
1111,688
449,249
182,109
6924,4284
194,120
45,33
1,1
18,13
127,74
66,35
206,124
95,62
858,447
148,65
1087,699
39,23
426,202
989,612
553,371
249,166
204,128
829,527
508,246
219,122
169,100
445,293
22,19
85,49
84,41
825,407
303,192
486,266
21,7
1001,480
1610,972
395,211
681,393
2705,1336
194,97
134,68
31,15
214,105
153,96
337,211
859,404
943,425
63,41
358,224
331,159
567,267
75,44
1263,592
569,275
105,60
2827,1399
9,5
122,58
63,31
48,24
589,300
308,187
37,17
3138,1963
798,496
453,279
107,49
189,111
21,15
1392,691
1164,595
484,248
1977,1218
99,48
536,231
197,110
699,411
2979,1857
1016,624
1803,916
813,530
165,107
2078,1291
1078,631
1446,763
557,332
68,50
525,347
174,115
288,182
113,67
5,3
202,122
214,139
226,141
61,46
21,11
1009,499
1979,989
134,75
676,344
221,111
167,93
243,112
84,50
90,57
2497,1257
526,274
961,581
282,127
15,12
3,3
978,503
159,78
424,252
317,179
1325,649
40,20
275,144
88,44
268,140
257,126
148,73
1738,1067
129,84
129,72
674,341
518,289
17,8
502,234
592,319
2506,1257
227,133
733,467
84,45
166,87
24,13
215,110
1626,818
357,177
300,195
609,340
2291,1203
90,36
162,95
488,258
1018,546
23,14
854,449
504,318
190,108
537,330
166,91
999,610
74,50
31,16
398,183
363,177
1198,583
1583,984
301,143
5637,3464
368,246
259,167
2180,1160
2,2
2348,1430
41,31
44,27
242,134
324,201
297,199
3629,2360
606,300
198,112
25,12
67,44
720,423
488,317
449,227
687,428
88,37
526,251
46,32
111,69
109,60
2128,1313
161,87
588,298
131,75
241,152
168,101
412,211
352,238
64,31
11,8
25,12
244,146
385,240
345,183
614,394
1184,749
117,72
2419,1205
11,3
178,117
218,126
7,5
176,87
8,3
801,531
2183,1346
212,108
1392,844
1239,652
373,208
41,25
7,5
698,464
122,64
328,195
434,209
248,124
1018,647
1738,1087
695,435
446,206
3,3
135,81
250,134
2364,1205
223,154
264,153
2821,1742
123,80
76,51
652,392
276,129
1068,655
427,278
1320,831
692,346
283,180
1385,659
2177,1419
5,5
670,406
26,12
145,91
126,63
393,229
97,53
860,532
608,367
2,2
1917,1124
1310,700
95,57
1115,584
317,147
41,28
3912,1947
1588,795
152,80
424,235
857,450
1,1
89,49
149,100
959,601
461,223
2,2
50,31
45,27
265,140
221,108
106,70
159,65
919,472
488,316
232,122
654,387
509,243
127,74
1627,1005
1350,688
2401,1186
214,133
204,141
889,541
136,90
987,622
825,510
31,17
549,251
415,229
217,97
673,430
174,84
350,219
24,15
190,114
11,9
826,405
183,102
68,33
165,106
2032,980
396,238
300,158
1720,1059
3319,1612
661,402
742,490
3330,1657
9,6
49,29
69,48
2459,1275
177,87
3,3
53,29
244,142
389,176
824,403
277,166
708,376
419,284
1320,665
905,431
2752,1730
2197,1400
421,221
31,15
136,80
110,61
70,54
1353,856
1576,987
2293,1158
1186,583
1484,781
585,316
351,199
79,55
331,153
