1.00648e-13
2.7011e-12
1.84317e-11
7.17967e-11
2.05697e-10
4.85244e-10
1.00105e-09
1.87211e-09
3.24823e-09
5.31231e-09
8.28216e-09
1.24122e-08
1.79948e-08
2.53616e-08
3.48845e-08
4.69764e-08
6.20921e-08
8.07285e-08
1.03426e-07
1.30766e-07
1.63375e-07
2.01923e-07
2.4712e-07
2.99723e-07
3.60529e-07
4.30378e-07
5.10151e-07
6.00773e-07
7.03208e-07
8.1846e-07
9.47574e-07
1.09163e-06
1.25176e-06
1.4291e-06
1.62487e-06
1.84029e-06
2.07663e-06
2.33517e-06
2.61727e-06
2.92427e-06
3.25758e-06
3.61861e-06
4.00882e-06
4.42969e-06
4.88272e-06
5.36944e-06
5.89142e-06
6.45022e-06
7.04745e-06
7.68472e-06
8.36368e-06
9.08599e-06
9.85331e-06
1.06673e-05
1.15298e-05
1.24424e-05
1.34069e-05
1.44249e-05
1.54984e-05
1.6629e-05
1.78184e-05
1.90686e-05
2.03812e-05
2.17582e-05
2.32011e-05
2.47119e-05
2.62924e-05
2.79443e-05
2.96695e-05
3.14697e-05
3.33468e-05
3.53025e-05
3.73386e-05
3.9457e-05
4.16594e-05
4.39475e-05
4.63232e-05
4.87881e-05
5.13442e-05
5.3993e-05
5.67363e-05
5.95758e-05
6.25133e-05
6.55504e-05
6.86889e-05
7.19303e-05
7.52763e-05
7.87286e-05
8.22887e-05
8.59584e-05
8.97391e-05
9.36325e-05
9.764e-05
0.000101763
0.000106004
0.000110363
0.000114842
0.000119443
0.000124168
0.000129016
0.000133991
0.000139093
0.000144323
0.000149683
0.000155175
0.000160799
0.000166557
0.00017245
0.000178479
0.000184645
0.00019095
0.000197394
0.00020398
0.000210707
0.000217577
0.000224591
0.00023175
0.000239056
0.000246508
0.000254108
0.000261856
0.000269755
0.000277803
0.000286004
0.000294356
0.000302862
0.000311521
0.000320335
0.000329303
0.000338428
0.00034771
0.000357148
0.000366744
0.000376499
0.000386413
0.000396486
0.00040672
0.000417113
0.000427668
0.000438385
0.000449263
0.000460303
0.000471507
0.000482873
0.000494403
0.000506096
0.000517954
0.000529975
0.000542162
0.000554513
0.000567029
0.00057971
0.000592556
0.000605568
0.000618746
0.000632089
0.000645599
0.000659274
0.000673115
0.000687122
0.000701294
0.000715633
0.000730138
0.000744809
0.000759646
0.000774648
0.000789816
0.00080515
0.000820649
0.000836314
0.000852143
0.000868138
0.000884297
0.000900622
0.00091711
0.000933762
0.000950579
0.000967559
0.000984702
0.00100201
0.00101948
0.00103711
0.0010549
0.00107286
0.00109098
0.00110925
0.00112769
0.00114629
0.00116505
0.00118397
0.00120304
0.00122228
0.00124167
0.00126122
0.00128093
0.00130079
0.00132081
0.00134099
0.00136132
0.00138181
0.00140245
0.00142324
0.00144418
0.00146528
0.00148653
0.00150793
0.00152948
0.00155118
0.00157303
0.00159503
0.00161718
0.00163947
0.00166191
0.00168449
0.00170722
0.0017301
0.00175312
0.00177628
0.00179958
0.00182302
0.00184661
0.00187034
0.0018942
0.0019182
0.00194234
0.00196662
0.00199104
0.00201558
0.00204027
0.00206508
0.00209003
0.00211511
0.00214033
0.00216567
0.00219114
0.00221674
0.00224247
0.00226832
0.0022943
0.0023204
0.00234663
0.00237298
0.00239945
0.00242605
0.00245276
0.00247959
0.00250654
0.0025336
0.00256079
0.00258808
0.00261549
0.00264302
0.00267065
0.0026984
0.00272625
0.00275422
0.00278229
0.00281046
0.00283875
0.00286713
0.00289562
0.00292421
0.0029529
0.00298169
0.00301058
0.00303957
0.00306865
0.00309783
0.0031271
0.00315646
0.00318592
0.00321546
0.00324509
0.00327481
0.00330462
0.00333451
0.00336448
0.00339454
0.00342468
0.00345489
0.00348519
0.00351556
0.00354601
0.00357653
0.00360713
0.00363779
0.00366853
0.00369934
0.00373021
0.00376115
0.00379216
0.00382323
0.00385436
0.00388555
0.0039168
0.00394811
0.00397947
0.00401089
0.00404236
0.00407389
0.00410546
0.00413709
0.00416876
0.00420048
0.00423224
0.00426405
0.00429589
0.00432778
0.00435971
0.00439167
0.00442367
0.00445571
0.00448778
0.00451987
0.004552
0.00458416
0.00461634
0.00464855
0.00468078
0.00471304
0.00474531
0.00477761
0.00480992
0.00484225
0.00487459
0.00490695
0.00493932
0.0049717
0.00500409
0.00503648
0.00506888
0.00510129
0.00513369
0.0051661
0.00519851
0.00523092
0.00526332
0.00529572
0.00532812
0.0053605
0.00539288
0.00542525
0.0054576
0.00548995
0.00552227
0.00555458
0.00558688
0.00561915
0.00565141
0.00568364
0.00571585
0.00574804
0.0057802
0.00581234
0.00584444
0.00587652
0.00590857
0.00594058
0.00597256
0.00600451
0.00603642
0.0060683
0.00610013
0.00613193
0.00616368
0.0061954
0.00622707
0.0062587
0.00629028
0.00632182
0.00635331
0.00638475
0.00641615
0.00644749
0.00647878
0.00651002
0.0065412
0.00657234
0.00660341
0.00663443
0.0066654
0.0066963
0.00672715
0.00675794
0.00678867
0.00681934
0.00684994
0.00688048
0.00691096
0.00694138
0.00697173
0.00700202
0.00703224
0.00706239
0.00709248
0.0071225
0.00715245
0.00718234
0.00721215
0.0072419
0.00727157
0.00730117
0.00733071
0.00736017
0.00738956
0.00741888
0.00744813
0.0074773
0.0075064
0.00753543
0.00756439
0.00759327
0.00762208
0.00765081
0.00767948
0.00770806
0.00773658
0.00776502
0.00779339
0.00782168
0.0078499
0.00787804
0.00790611
0.00793411
0.00796204
0.00798989
0.00801767
0.00804537
0.00807301
0.00810057
0.00812806
0.00815547
0.00818282
0.00821009
0.00823729
0.00826443
0.00829149
0.00831848
0.00834541
0.00837227
0.00839905
0.00842577
0.00845243
0.00847901
0.00850554
0.00853199
0.00855838
0.00858471
0.00861098
0.00863718
0.00866332
0.0086894
0.00871542
0.00874138
0.00876728
0.00879312
0.0088189
0.00884463
0.00887031
0.00889593
0.00892149
0.00894701
0.00897247
0.00899788
0.00902324
0.00904855
0.00907382
0.00909904
0.00912421
0.00914934
0.00917442
0.00919947
0.00922447
0.00924943
0.00927435
0.00929923
0.00932408
0.00934889
0.00937367
0.00939841
0.00942312
0.00944781
0.00947246
0.00949708
0.00952168
0.00954625
0.0095708
0.00959532
0.00961982
0.0096443
0.00966877
0.00969321
0.00971764
0.00974205
0.00976645
0.00979084
0.00981522
0.00983959
0.00986395
0.0098883
0.00991265
0.00993699
0.00996133
0.00998567
0.01001
0.0100344
0.0100587
0.0100831
0.0101074
0.0101318
0.0101562
0.0101805
0.0102049
0.0102294
0.0102538
0.0102782
0.0103027
0.0103272
0.0103517
0.0103762
0.0104008
0.0104253
0.0104499
0.0104746
0.0104992
0.0105239
0.0105487
0.0105734
0.0105982
0.0106231
0.010648
0.0106729
0.0106979
0.0107229
0.0107479
0.010773
0.0107982
0.0108234
0.0108486
0.0108739
0.0108993
0.0109247
0.0109502
0.0109757
0.0110013
0.011027
0.0110527
0.0110785
0.0111044
0.0111303
0.0111563
0.0111824
0.0112085
0.0112347
0.011261
0.0112874
0.0113139
0.0113404
0.011367
0.0113937
0.0114205
0.0114474
0.0114743
0.0115014
0.0115285
0.0115558
0.0115831
0.0116105
0.011638
0.0116656
0.0116933
0.0117212
0.0117491
0.0117771
0.0118052
0.0118335
0.0118618
0.0118903
0.0119188
0.0119475
0.0119763
0.0120052
0.0120342
0.0120633
0.0120926
0.012122
0.0121514
0.0121811
0.0122108
0.0122407
0.0122707
0.0123008
0.012331
0.0123614
0.0123919
0.0124226
0.0124533
0.0124842
0.0125153
0.0125465
0.0125778
0.0126092
0.0126408
0.0126726
0.0127045
0.0127365
0.0127687
0.012801
0.0128335
0.0128661
0.0128989
0.0129318
0.0129649
0.0129981
0.0130315
0.013065
0.0130987
0.0131325
0.0131665
0.0132007
0.013235
0.0132695
0.0133042
0.013339
0.013374
0.0134091
0.0134444
0.0134799
0.0135155
0.0135513
0.0135873
0.0136235
0.0136598
0.0136963
0.013733
0.0137698
0.0138068
0.013844
0.0138814
0.013919
0.0139567
0.0139946
0.0140327
0.014071
0.0141094
0.0141481
0.0141869
0.0142259
0.0142651
0.0143045
0.014344
0.0143838
0.0144237
0.0144638
0.0145041
0.0145446
0.0145853
0.0146262
0.0146673
0.0147086
0.01475
0.0147917
0.0148336
0.0148756
0.0149179
0.0149603
0.0150029
0.0150458
0.0150888
0.0151321
0.0151755
0.0152191
0.015263
0.015307
0.0153512
0.0153957
0.0154403
0.0154852
0.0155302
0.0155755
0.015621
0.0156666
0.0157125
0.0157586
0.0158049
0.0158514
0.0158981
0.015945
0.0159921
0.0160395
0.016087
0.0161348
0.0161827
0.0162309
0.0162793
0.0163279
0.0163767
0.0164257
0.016475
0.0165244
0.0165741
0.016624
0.0166741
0.0167244
0.0167749
0.0168257
0.0168766
0.0169278
0.0169792
0.0170308
0.0170826
0.0171347
0.017187
0.0172394
0.0172922
0.0173451
0.0173982
0.0174516
0.0175052
0.017559
0.017613
0.0176672
0.0177217
0.0177764
0.0178313
0.0178865
0.0179418
0.0179974
0.0180532
0.0181092
0.0181655
0.018222
0.0182787
0.0183356
0.0183927
0.0184501
0.0185077
0.0185655
0.0186236
0.0186819
0.0187404
0.0187991
0.0188581
0.0189173
0.0189767
0.0190363
0.0190962
0.0191563
0.0192166
0.0192771
0.0193379
0.0193989
0.0194602
0.0195216
0.0195833
0.0196453
0.0197074
0.0197698
0.0198324
0.0198953
0.0199583
0.0200216
0.0200852
0.020149
0.020213
0.0202772
0.0203417
0.0204064
0.0204713
0.0205364
0.0206018
0.0206675
0.0207333
0.0207994
0.0208657
0.0209323
0.0209991
0.0210661
0.0211334
0.0212009
0.0212686
0.0213366
0.0214048
0.0214732
0.0215419
0.0216108
0.02168
0.0217494
0.021819
0.0218888
0.0219589
0.0220292
0.0220998
0.0221706
0.0222417
0.0223129
0.0223845
0.0224562
0.0225282
0.0226004
0.0226729
0.0227456
0.0228186
0.0228918
0.0229652
0.0230389
0.0231128
0.0231869
0.0232613
0.023336
0.0234109
0.023486
0.0235613
0.0236369
0.0237128
0.0237889
0.0238652
0.0239418
0.0240186
0.0240957
0.024173
0.0242505
0.0243283
0.0244064
0.0244847
0.0245632
0.024642
0.024721
0.0248003
0.0248798
0.0249596
0.0250396
0.0251199
0.0252004
0.0252812
0.0253622
0.0254434
0.025525
0.0256067
0.0256887
0.025771
0.0258535
0.0259363
0.0260193
0.0261026
0.0261861
0.0262699
0.0263539
0.0264382
0.0265228
0.0266076
0.0266926
0.0267779
0.0268635
0.0269493
0.0270354
0.0271217
0.0272083
0.0272952
0.0273823
0.0274697
0.0275573
0.0276452
0.0277334
0.0278218
0.0279105
0.0279994
0.0280886
0.0281781
0.0282678
0.0283578
0.0284481
0.0285386
0.0286294
0.0287204
0.0288118
0.0289033
0.0289952
0.0290873
0.0291797
0.0292724
0.0293653
0.0294586
0.029552
0.0296458
0.0297398
0.0298341
0.0299287
0.0300236
0.0301187
0.0302141
0.0303098
0.0304057
0.0305019
0.0305985
0.0306953
0.0307923
0.0308897
0.0309873
0.0310852
0.0311834
0.0312819
0.0313807
0.0314797
0.0315791
0.0316787
0.0317786
0.0318788
0.0319793
0.0320801
0.0321811
0.0322825
0.0323841
0.0324861
0.0325883
0.0326908
0.0327937
0.0328968
0.0330002
0.0331039
0.0332079
0.0333122
0.0334168
0.0335217
0.0336269
0.0337325
0.0338383
0.0339444
0.0340508
0.0341575
0.0342646
0.0343719
0.0344796
0.0345875
0.0346958
0.0348044
0.0349133
0.0350225
0.035132
0.0352418
0.035352
0.0354625
0.0355733
0.0356844
0.0357958
0.0359075
0.0360196
0.036132
0.0362447
0.0363577
0.0364711
0.0365848
0.0366988
0.0368131
0.0369278
0.0370428
0.0371582
0.0372738
0.0373898
0.0375062
0.0376228
0.0377398
0.0378572
0.0379749
0.0380929
0.0382113
0.03833
0.0384491
0.0385685
0.0386882
0.0388083
0.0389287
0.0390495
0.0391707
0.0392922
0.039414
0.0395362
0.0396588
0.0397817
0.039905
0.0400286
0.0401526
0.0402769
0.0404017
0.0405267
0.0406522
0.040778
0.0409042
0.0410307
0.0411576
0.0412849
0.0414126
0.0415406
0.041669
0.0417978
0.0419269
0.0420565
0.0421864
0.0423167
0.0424474
0.0425784
0.0427099
0.0428417
0.042974
0.0431066
0.0432396
0.043373
0.0435068
0.043641
0.0437755
0.0439105
0.0440459
0.0441817
0.0443179
0.0444544
0.0445914
0.0447288
0.0448666
0.0450048
0.0451435
0.0452825
0.0454219
0.0455618
0.0457021
0.0458428
0.0459839
0.0461254
0.0462674
0.0464097
0.0465525
0.0466958
0.0468394
0.0469835
0.047128
0.047273
0.0474183
0.0475642
0.0477104
0.0478571
0.0480042
0.0481518
0.0482998
0.0484483
0.0485972
0.0487465
0.0488963
0.0490466
0.0491973
0.0493484
0.0495
0.0496521
0.0498046
0.0499576
0.0501111
0.050265
0.0504194
0.0505742
0.0507295
0.0508853
0.0510415
0.0511983
0.0513555
0.0515131
0.0516713
0.0518299
0.0519891
0.0521486
0.0523087
0.0524693
0.0526304
0.0527919
0.0529539
0.0531165
0.0532795
0.053443
0.053607
0.0537716
0.0539366
0.0541021
0.0542681
0.0544347
0.0546017
0.0547693
0.0549373
0.0551059
0.055275
0.0554446
0.0556148
0.0557854
0.0559566
0.0561283
0.0563005
0.0564733
0.0566466
0.0568204
0.0569948
0.0571696
0.0573451
0.057521
0.0576975
0.0578746
0.0580522
0.0582303
0.058409
0.0585882
0.058768
0.0589483
0.0591292
0.0593107
0.0594927
0.0596753
0.0598584
0.0600421
0.0602264
0.0604112
0.0605966
0.0607826
0.0609692
0.0611563
0.061344
0.0615323
0.0617211
0.0619106
0.0621006
0.0622913
0.0624825
0.0626743
0.0628667
0.0630597
0.0632533
0.0634475
0.0636423
0.0638377
0.0640337
0.0642303
0.0644275
0.0646254
0.0648238
0.0650229
0.0652226
0.0654229
0.0656238
0.0658254
0.0660275
0.0662303
0.0664338
0.0666378
0.0668425
0.0670479
0.0672538
0.0674605
0.0676677
0.0678756
0.0680842
0.0682934
0.0685032
0.0687137
0.0689249
0.0691367
0.0693491
0.0695623
0.0697761
0.0699905
0.0702057
0.0704214
0.0706379
0.0708551
0.0710729
0.0712914
0.0715106
0.0717304
0.071951
0.0721722
0.0723941
0.0726167
0.07284
0.073064
0.0732887
0.0735141
0.0737402
0.0739671
0.0741946
0.0744228
0.0746517
0.0748814
0.0751118
0.0753428
0.0755746
0.0758072
0.0760404
0.0762744
0.0765091
0.0767446
0.0769807
0.0772177
0.0774553
0.0776937
0.0779328
0.0781727
0.0784134
0.0786547
0.0788969
0.0791398
0.0793834
0.0796278
0.079873
0.0801189
0.0803656
0.0806131
0.0808613
0.0811104
0.0813601
0.0816107
0.0818621
0.0821142
0.0823671
0.0826208
0.0828754
0.0831307
0.0833867
0.0836436
0.0839013
0.0841598
0.0844191
0.0846793
0.0849402
0.0852019
0.0854645
0.0857278
0.085992
0.0862571
0.0865229
0.0867896
0.0870571
0.0873254
0.0875946
0.0878646
0.0881354
0.0884071
0.0886797
0.0889531
0.0892273
0.0895024
0.0897784
0.0900552
0.0903329
0.0906114
0.0908908
0.0911711
0.0914523
0.0917343
0.0920172
0.092301
0.0925857
0.0928713
0.0931577
0.0934451
0.0937333
0.0940224
0.0943125
0.0946034
0.0948952
0.095188
0.0954817
0.0957762
0.0960717
0.0963681
0.0966655
0.0969637
0.0972629
0.097563
0.0978641
0.0981661
0.098469
0.0987729
0.0990777
0.0993834
0.0996902
0.0999978
0.100306
0.100616
0.100927
0.101238
0.101551
0.101864
0.102178
0.102494
0.10281
0.103128
0.103446
0.103765
0.104086
0.104407
0.104729
0.105053
0.105377
0.105702
0.106029
0.106356
0.106684
0.107014
0.107344
0.107676
0.108008
0.108341
0.108676
0.109012
0.109348
0.109686
0.110025
0.110364
0.110705
0.111047
0.11139
0.111734
0.112079
0.112425
0.112772
0.113121
0.11347
0.11382
0.114172
0.114524
0.114878
0.115233
0.115589
0.115946
0.116304
0.116663
0.117024
0.117385
0.117748
0.118111
0.118476
0.118842
0.119209
0.119577
0.119947
0.120317
0.120689
0.121062
0.121436
0.121811
0.122187
0.122564
0.122943
0.123323
0.123704
0.124086
0.124469
0.124854
0.125239
0.125626
0.126014
0.126403
0.126794
0.127186
0.127579
0.127973
0.128368
0.128764
0.129162
0.129561
0.129961
0.130363
0.130766
0.13117
0.131575
0.131981
0.132389
0.132798
0.133208
0.13362
0.134032
0.134447
0.134862
0.135278
0.135696
0.136116
0.136536
0.136958
0.137381
0.137805
0.138231
0.138658
0.139086
0.139516
0.139947
0.140379
0.140813
0.141248
0.141684
0.142122
0.142561
0.143001
0.143443
0.143886
0.144331
0.144777
0.145224
0.145672
0.146122
0.146574
0.147027
0.147481
0.147936
0.148393
0.148852
0.149311
0.149773
0.150235
0.150699
0.151165
0.151632
0.1521
0.15257
0.153041
0.153514
0.153988
0.154464
0.154941
0.155419
0.155899
0.156381
0.156864
0.157348
0.157834
0.158322
0.158811
0.159301
0.159794
0.160287
0.160782
0.161279
0.161777
0.162276
0.162778
0.16328
0.163785
0.164291
0.164798
0.165307
0.165817
0.16633
0.166843
0.167359
0.167875
0.168394
0.168914
0.169436
0.169959
0.170484
0.17101
0.171538
0.172068
0.172599
0.173132
0.173667
0.174203
0.174741
0.175281
0.175822
0.176365
0.17691
0.177456
0.178004
0.178554
0.179105
0.179658
0.180213
0.180769
0.181328
0.181887
0.182449
0.183012
0.183578
0.184144
0.184713
0.185283
0.185855
0.186429
0.187005
0.187582
0.188162
0.188743
0.189325
0.18991
0.190496
0.191084
0.191674
0.192266
0.19286
0.193455
0.194053
0.194652
0.195253
0.195855
0.19646
0.197067
0.197675
0.198285
0.198898
0.199512
0.200128
0.200745
0.201365
0.201987
0.20261
0.203236
0.203863
0.204493
0.205124
0.205757
0.206392
0.20703
0.207669
0.20831
0.208953
0.209598
0.210245
0.210894
0.211545
0.212198
0.212853
0.21351
0.214169
0.21483
0.215494
0.216159
0.216826
0.217495
0.218167
0.21884
0.219516
0.220193
0.220873
0.221555
0.222239
0.222925
0.223613
0.224303
0.224995
0.22569
0.226386
0.227085
0.227786
0.228489
0.229195
0.229902
0.230612
0.231323
0.232037
0.232754
0.233472
0.234193
0.234916
0.235641
0.236368
0.237097
0.237829
0.238563
0.2393
0.240038
0.240779
0.241522
0.242268
0.243015
0.243766
0.244518
0.245273
0.24603
0.246789
0.247551
0.248315
0.249081
0.24985
0.250621
0.251394
0.25217
0.252949
0.253729
0.254512
0.255298
0.256086
0.256876
0.257669
0.258464
0.259262
0.260062
0.260865
0.26167
0.262477
0.263287
0.2641
0.264915
0.265733
0.266553
0.267375
0.268201
0.269028
0.269859
0.270692
0.271527
0.272365
0.273205
0.274049
0.274894
0.275743
0.276594
0.277447
0.278304
0.279163
0.280024
0.280888
0.281755
0.282625
0.283497
0.284372
0.285249
0.28613
0.287013
0.287899
0.288787
0.289678
0.290572
0.291469
0.292368
0.293271
0.294176
0.295084
0.295994
0.296908
0.297824
0.298743
0.299665
0.30059
0.301518
0.302448
0.303382
0.304318
0.305257
0.306199
0.307144
0.308092
0.309043
0.309996
0.310953
0.311913
0.312875
0.313841
0.314809
0.315781
0.316755
0.317733
0.318714
0.319697
0.320684
0.321673
0.322666
0.323662
0.324661
0.325663
0.326668
0.327676
0.328687
0.329701
0.330719
0.33174
0.332763
0.33379
0.33482
0.335854
0.33689
0.33793
0.338973
0.340019
0.341068
0.342121
0.343177
0.344236
0.345298
0.346364
0.347433
0.348505
0.34958
0.350659
0.351741
0.352827
0.353916
0.355008
0.356104
0.357203
0.358305
0.359411
0.36052
0.361633
0.362749
0.363868
0.364991
0.366118
0.367247
0.368381
0.369518
0.370658
0.371802
0.372949
0.3741
0.375255
0.376413
0.377575
0.37874
0.379909
0.381081
0.382257
0.383437
0.384621
0.385808
0.386998
0.388193
0.389391
0.390592
0.391798
0.393007
0.39422
0.395437
0.396657
0.397881
0.399109
0.400341
0.401576
0.402816
0.404059
0.405306
0.406557
0.407811
0.40907
0.410333
0.411599
0.412869
0.414144
0.415422
0.416704
0.41799
0.41928
0.420574
0.421872
0.423174
0.42448
0.42579
0.427104
0.428422
0.429745
0.431071
0.432401
0.433736
0.435074
0.436417
0.437764
0.439115
0.44047
0.44183
0.443193
0.444561
0.445933
0.44731
0.44869
0.450075
0.451464
0.452858
0.454255
0.455657
0.457063
0.458474
0.459889
0.461309
0.462732
0.46416
0.465593
0.46703
0.468471
0.469917
0.471368
0.472822
0.474282
0.475746
0.477214
0.478687
0.480164
0.481646
0.483133
0.484624
0.48612
0.48762
0.489125
0.490635
0.492149
0.493668
0.495192
0.49672
0.498253
0.499791
0.501333
0.502881
0.504433
0.50599
0.507551
0.509118
0.510689
0.512266
0.513847
0.515433
0.517023
0.518619
0.52022
0.521826
0.523436
0.525052
0.526672
0.528298
0.529928
0.531564
0.533205
0.53485
0.536501
0.538157
0.539818
0.541484
0.543155
0.544832
0.546513
0.5482
0.549892
0.551589
0.553292
0.555
0.556713
0.558431
0.560155
0.561883
0.563618
0.565357
0.567102
0.568853
0.570608
0.57237
0.574136
0.575908
0.577686
0.579469
0.581257
0.583051
0.584851
0.586656
0.588467
0.590283
0.592105
0.593933
0.595766
0.597605
0.599449
0.601299
0.603155
0.605017
0.606884
0.608758
0.610637
0.612521
0.614412
0.616308
0.618211
0.620119
0.622033
0.623953
0.625878
0.62781
0.629748
0.631692
0.633641
0.635597
0.637559
0.639527
0.641501
0.643481
0.645467
0.647459
0.649458
0.651462
0.653473
0.65549
0.657513
0.659543
0.661578
0.66362
0.665669
0.667723
0.669784
0.671851
0.673925
0.676005
0.678092
0.680185
0.682284
0.68439
0.686502
0.688621
0.690747
0.692879
0.695018
0.697163
0.699315
0.701473
0.703638
0.70581
0.707988
0.710174
0.712366
0.714564
0.71677
0.718982
0.721202
0.723428
0.72566
0.7279
0.730147
0.732401
0.734661
0.736929
0.739203
0.741485
0.743774
0.746069
0.748372
0.750682
0.752999
0.755323
0.757654
0.759993
0.762339
0.764692
0.767052
0.76942
0.771794
0.774177
0.776566
0.778963
0.781367
0.783779
0.786198
0.788625
0.791059
0.793501
0.79595
0.798407
0.800871
0.803343
0.805822
0.80831
0.810805
0.813307
0.815817
0.818336
0.820861
0.823395
0.825936
0.828486
0.831043
0.833608
0.836181
0.838762
0.841351
0.843948
0.846552
0.849165
0.851786
0.854415
0.857053
0.859698
0.862352
0.865013
0.867683
0.870361
0.873048
0.875742
0.878445
0.881157
0.883876
0.886605
0.889341
0.892086
0.89484
0.897602
0.900372
0.903151
0.905939
0.908735
0.91154
0.914353
0.917175
0.920006
0.922846
0.925694
0.928552
0.931418
0.934292
0.937176
0.940069
0.94297
0.945881
0.9488
0.951729
0.954666
0.957613
0.960569
0.963534
0.966508
0.969491
0.972483
0.975485
0.978495
0.981516
0.984545
0.987584
0.990632
0.99369
0.996757
0.999833
1.00292
1.00601
1.00912
1.01223
1.01536
1.01849
1.02164
1.02479
1.02795
1.03113
1.03431
1.0375
1.0407
1.04392
1.04714
1.05037
1.05361
1.05686
1.06013
1.0634
1.06668
1.06997
1.07327
1.07659
1.07991
1.08324
1.08659
1.08994
1.0933
1.09668
1.10006
1.10346
1.10686
1.11028
1.11371
1.11715
1.12059
1.12405
1.12752
1.131
1.13449
1.13799
1.14151
1.14503
1.14856
1.15211
1.15567
1.15923
1.16281
1.1664
1.17
1.17361
1.17723
1.18087
1.18451
1.18817
1.19183
1.19551
1.1992
1.2029
1.20662
1.21034
1.21408
1.21782
1.22158
1.22535
1.22914
1.23293
1.23673
1.24055
1.24438
1.24822
1.25207
1.25594
1.25982
1.2637
1.2676
1.27152
1.27544
1.27938
1.28333
1.28729
1.29126
1.29525
1.29924
1.30325
1.30728
1.31131
1.31536
1.31942
1.32349
1.32758
1.33167
1.33578
1.33991
1.34404
1.34819
1.35235
1.35653
1.36071
1.36491
1.36913
1.37335
1.37759
1.38184
1.38611
1.39039
1.39468
1.39898
1.4033
1.40763
1.41198
1.41633
1.42071
1.42509
1.42949
1.4339
1.43833
1.44277
1.44722
1.45169
1.45617
1.46066
1.46517
1.46969
1.47423
1.47878
1.48334
1.48792
1.49251
1.49712
1.50174
1.50638
1.51102
1.51569
1.52037
1.52506
1.52977
1.53449
1.53922
1.54397
1.54874
1.55352
1.55832
1.56313
1.56795
1.57279
1.57764
1.58251
1.5874
1.5923
1.59721
1.60214
1.60709
1.61205
1.61702
1.62201
1.62702
1.63204
1.63708
1.64213
1.6472
1.65228
1.65738
1.6625
1.66763
1.67278
1.67794
1.68312
1.68831
1.69353
1.69875
1.704
1.70925
1.71453
1.71982
1.72513
1.73045
1.7358
1.74115
1.74653
1.75192
1.75733
1.76275
1.76819
1.77365
1.77912
1.78461
1.79012
1.79565
1.80119
1.80675
1.81232
1.81792
1.82353
1.82916
1.8348
1.84047
1.84615
1.85185
1.85756
1.86329
1.86905
1.87481
1.8806
1.8864
1.89223
1.89807
1.90393
1.9098
1.9157
1.92161
1.92754
1.93349
1.93946
1.94544
1.95145
1.95747
1.96351
1.96957
1.97565
1.98175
1.98787
1.994
2.00016
2.00633
2.01252
2.01873
2.02497
2.03122
2.03749
2.04377
2.05008
2.05641
2.06276
2.06912
2.07551
2.08192
2.08834
2.09479
2.10125
2.10774
2.11424
2.12077
2.12731
2.13388
2.14047
2.14707
2.1537
2.16035
2.16702
2.1737
2.18041
2.18714
2.19389
2.20067
2.20746
2.21427
2.22111
2.22796
2.23484
2.24173
2.24865
2.25559
2.26256
2.26954
2.27654
2.28357
2.29062
2.29769
2.30478
2.31189
2.31903
2.32619
2.33337
2.34057
2.34779
2.35504
2.36231
2.3696
2.37691
2.38425
2.39161
2.39899
2.4064
2.41382
2.42127
2.42875
2.43624
2.44376
2.4513
2.45887
2.46646
2.47407
2.48171
2.48937
2.49705
2.50476
2.51249
2.52024
2.52802
2.53583
2.54365
2.5515
2.55938
2.56728
2.5752
2.58315
2.59112
2.59912
2.60714
2.61519
2.62326
2.63136
2.63948
2.64763
2.6558
2.664
2.67222
2.68047
2.68874
2.69704
2.70536
2.71371
2.72209
2.73049
2.73892
2.74737
2.75585
2.76436
2.77289
2.78145
2.79003
2.79864
2.80728
2.81595
2.82464
2.83336
2.8421
2.85087
2.85967
2.8685
2.87735
2.88623
2.89514
2.90408
2.91304
2.92203
2.93105
2.9401
2.94917
2.95828
2.96741
2.97657
2.98575
2.99497
3.00421
3.01348
3.02279
3.03212
3.04147
3.05086
3.06028
3.06972
3.0792
3.0887
3.09824
3.1078
3.11739
3.12701
3.13666
3.14634
3.15606
3.1658
3.17557
3.18537
3.1952
3.20506
3.21496
3.22488
3.23483
3.24482
3.25483
3.26488
3.27495
3.28506
3.2952
3.30537
3.31557
3.32581
3.33607
3.34637
3.3567
3.36706
3.37745
3.38788
3.39833
3.40882
3.41934
3.4299
3.44048
3.4511
3.46175
3.47244
3.48316
3.49391
3.50469
3.51551
3.52636
3.53724
3.54816
3.55911
3.5701
3.58112
3.59217
3.60326
3.61438
3.62553
3.63672
3.64795
3.65921
3.6705
3.68183
3.6932
3.70459
3.71603
3.7275
3.739
3.75054
3.76212
3.77373
3.78538
3.79706
3.80878
3.82054
3.83233
3.84416
3.85602
3.86793
3.87986
3.89184
3.90385
3.9159
3.92799
3.94011
3.95227
3.96447
3.97671
3.98898
4.00129
4.01364
4.02603
4.03846
4.05092
4.06342
4.07597
4.08855
4.10117
4.11382
4.12652
4.13926
4.15203
4.16485
4.1777
4.1906
4.20353
4.21651
4.22952
4.24258
4.25567
4.26881
4.28198
4.2952
4.30845
4.32175
4.33509
4.34847
4.36189
4.37536
4.38886
4.40241
4.416
4.42962
4.4433
4.45701
4.47077
4.48457
4.49841
4.51229
4.52622
4.54019
4.5542
4.56826
4.58236
4.5965
4.61069
4.62492
4.6392
4.65351
4.66788
4.68229
4.69674
4.71123
4.72577
4.74036
4.75499
4.76967
4.78439
4.79916
4.81397
4.82883
4.84373
4.85868
4.87368
4.88872
4.90381
4.91895
4.93413
4.94936
4.96463
4.97996
4.99533
5.01075
5.02621
5.04172
5.05729
5.07289
5.08855
5.10426
5.12001
5.13582
5.15167
5.16757
5.18352
5.19952
5.21556
5.23166
5.24781
5.26401
5.28025
5.29655
5.3129
5.3293
5.34575
5.36225
5.3788
5.3954
5.41205
5.42876
5.44551
5.46232
5.47918
5.49609
5.51305
5.53007
5.54714
5.56426
5.58143
5.59866
5.61594
5.63327
5.65066
5.6681
5.6856
5.70315
5.72075
5.73841
5.75612
5.77388
5.7917
5.80958
5.82751
5.8455
5.86354
5.88164
5.89979
5.918
5.93627
5.95459
5.97297
5.9914
6.0099
6.02845
6.04705
6.06572
6.08444
6.10322
6.12206
6.14095
6.15991
6.17892
6.19799
6.21712
6.23631
6.25556
6.27486
6.29423
6.31366
6.33315
6.35269
6.3723
6.39197
6.4117
6.43149
6.45134
6.47125
6.49122
6.51126
6.53136
6.55151
6.57174
6.59202
6.61237
6.63278
6.65325
6.67378
6.69438
6.71504
6.73577
6.75656
6.77741
6.79833
6.81931
6.84036
6.86148
6.88265
6.9039
6.92521
6.94658
6.96802
6.98953
7.0111
7.03274
7.05445
7.07622
7.09806
7.11997
7.14194
7.16399
7.1861
7.20828
7.23053
7.25285
7.27523
7.29769
7.32021
7.3428
7.36547
7.3882
7.411
7.43388
7.45682
7.47984
7.50293
7.52608
7.54931
7.57261
7.59599
7.61943
7.64295
7.66654
7.6902
7.71394
7.73775
7.76163
7.78558
7.80961
7.83372
7.8579
7.88215
7.90648
7.93088
7.95536
7.97992
8.00455
8.02925
8.05403
8.07889
8.10383
8.12884
8.15393
8.1791
8.20434
8.22966
8.25507
8.28054
8.3061
8.33174
8.35746
8.38325
8.40913
8.43508
8.46111
8.48723
8.51343
8.5397
8.56606
8.5925
8.61902
8.64562
8.67231
8.69907
8.72592
8.75286
8.77987
8.80697
8.83415
8.86142
8.88877
8.91621
8.94373
8.97133
8.99902
9.0268
9.05466
9.0826
9.11064
9.13876
9.16696
9.19526
9.22364
9.25211
9.28066
9.30931
9.33804
9.36686
9.39578
9.42478
9.45387
9.48304
9.51231
9.54167
9.57112
9.60066
9.6303
9.66002
9.68984
9.71974
9.74974
9.77984
9.81002
9.8403
9.87067
9.90114
9.9317
9.96235
9.9931
10.0239
10.0549
10.0859
10.117
10.1483
10.1796
10.211
10.2425
10.2741
10.3059
10.3377
10.3696
10.4016
10.4337
10.4659
10.4982
10.5306
10.5631
10.5957
10.6284
10.6612
10.6941
10.7271
10.7602
10.7934
10.8268
10.8602
10.8937
10.9273
10.961
10.9949
11.0288
11.0628
11.097
11.1312
11.1656
11.2001
11.2346
11.2693
11.3041
11.339
11.374
11.4091
11.4443
11.4796
11.5151
11.5506
11.5862
11.622
11.6579
11.6939
11.73
11.7662
11.8025
11.8389
11.8754
11.9121
11.9489
11.9857
12.0227
12.0598
12.0971
12.1344
12.1719
12.2094
12.2471
12.2849
12.3228
12.3609
12.399
12.4373
12.4757
12.5142
12.5528
12.5915
12.6304
12.6694
12.7085
12.7477
12.7871
12.8265
12.8661
12.9058
12.9457
12.9856
13.0257
13.0659
13.1062
13.1467
13.1873
13.228
13.2688
13.3098
13.3508
13.392
13.4334
13.4748
13.5164
13.5581
13.6
13.642
13.6841
13.7263
13.7687
13.8112
13.8538
13.8966
13.9395
13.9825
14.0256
14.0689
14.1123
14.1559
14.1996
14.2434
14.2874
14.3315
14.3757
14.4201
14.4646
14.5092
14.554
14.5989
14.644
14.6892
14.7345
14.78
14.8256
14.8714
14.9173
14.9633
15.0095
15.0559
15.1023
15.1489
15.1957
15.2426
15.2896
15.3368
15.3842
15.4317
15.4793
15.5271
15.575
15.6231
15.6713
15.7196
15.7682
15.8168
15.8656
15.9146
15.9637
16.013
16.0624
16.112
16.1617
16.2116
16.2617
16.3119
16.3622
16.4127
16.4634
16.5142
16.5651
16.6163
16.6676
16.719
16.7706
16.8224
16.8743
16.9264
16.9786
17.031
17.0836
17.1363
17.1892
17.2423
17.2955
17.3489
17.4024
17.4561
17.51
17.564
17.6183
17.6726
17.7272
17.7819
17.8368
17.8918
17.9471
18.0024
18.058
18.1137
18.1697
18.2257
18.282
18.3384
18.395
18.4518
18.5087
18.5659
18.6232
18.6807
18.7383
18.7962
18.8542
18.9124
18.9707
19.0293
19.088
19.1469
19.206
19.2653
19.3248
19.3844
19.4442
19.5043
19.5645
19.6248
19.6854
19.7462
19.8071
19.8683
19.9296
19.9911
20.0528
20.1147
20.1768
20.2391
20.3015
20.3642
20.427
20.4901
20.5533
20.6168
20.6804
20.7442
20.8083
20.8725
20.9369
21.0015
21.0663
21.1314
21.1966
21.262
21.3276
21.3935
21.4595
21.5257
21.5922
21.6588
21.7257
21.7927
21.86
21.9275
21.9951
22.063
22.1311
22.1994
22.2679
22.3367
22.4056
22.4748
22.5441
22.6137
22.6835
22.7535
22.8238
22.8942
22.9649
23.0357
23.1068
23.1782
23.2497
23.3215
23.3934
23.4656
23.5381
23.6107
23.6836
23.7567
23.83
23.9036
23.9774
24.0514
24.1256
24.2001
24.2748
24.3497
24.4248
24.5002
24.5758
24.6517
24.7278
24.8041
24.8807
24.9575
25.0345
25.1118
25.1893
25.267
25.345
25.4232
25.5017
25.5804
25.6594
25.7386
25.818
25.8977
25.9776
26.0578
26.1382
26.2189
26.2998
26.381
26.4624
26.5441
26.626
26.7082
26.7906
26.8733
26.9563
27.0395
27.1229
27.2066
27.2906
27.3749
27.4593
27.5441
27.6291
27.7144
27.7999
27.8857
27.9718
28.0581
28.1447
28.2316
28.3187
28.4062
28.4938
28.5818
28.67
28.7585
28.8472
28.9363
29.0256
29.1152
29.205
29.2952
29.3856
29.4763
29.5673
29.6585
29.7501
29.8419
29.934
30.0264
30.1191
30.212
30.3053
30.3988
30.4927
30.5868
30.6812
30.7759
30.8709
30.9661
31.0617
31.1576
31.2538
31.3502
31.447
31.544
31.6414
31.7391
31.837
31.9353
32.0339
32.1327
32.2319
32.3314
32.4312
32.5313
32.6317
32.7324
32.8334
32.9348
33.0364
33.1384
33.2407
33.3433
33.4462
33.5494
33.653
33.7568
33.861
33.9655
34.0704
34.1755
34.281
34.3868
34.493
34.5994
34.7062
34.8133
34.9208
35.0286
35.1367
35.2451
35.3539
35.463
35.5725
35.6823
35.7924
35.9029
36.0137
36.1249
36.2364
36.3482
36.4604
36.5729
36.6858
36.7991
36.9126
37.0266
37.1408
37.2555
37.3705
37.4858
37.6015
37.7176
37.834
37.9508
38.0679
38.1854
38.3032
38.4215
38.5401
38.659
38.7783
38.898
39.0181
39.1385
39.2593
39.3805
39.502
39.624
39.7463
39.8689
39.992
40.1154
40.2392
40.3634
40.488
40.613
40.7383
40.8641
40.9902
41.1167
41.2436
41.3709
41.4986
41.6267
41.7552
41.8841
42.0133
42.143
42.2731
42.4036
42.5344
42.6657
42.7974
42.9295
43.062
43.1949
43.3282
43.462
43.5961
43.7307
43.8656
44.001
44.1368
44.2731
44.4097
44.5468
44.6843
44.8222
44.9605
45.0993
45.2385
45.3781
45.5182
45.6587
45.7996
45.941
46.0828
46.225
46.3677
46.5108
46.6544
46.7983
46.9428
47.0877
47.233
47.3788
47.525
47.6717
47.8189
47.9665
48.1145
48.263
48.412
48.5614
48.7113
48.8616
49.0124
49.1637
49.3155
49.4677
49.6204
49.7735
49.9271
50.0812
50.2358
50.3909
50.5464
50.7024
50.8589
51.0159
51.1733
51.3313
51.4897
51.6486
51.808
51.968
52.1283
52.2892
52.4506
52.6125
52.7749
52.9378
53.1012
53.2651
53.4295
53.5944
53.7598
53.9257
54.0922
54.2591
54.4266
54.5946
54.7631
54.9321
55.1017
55.2718
55.4424
55.6135
55.7851
55.9573
56.13
56.3033
56.477
56.6514
56.8262
57.0016
57.1775
57.354
57.531
57.7086
57.8867
58.0654
58.2446
58.4244
58.6047
58.7856
58.967
59.149
59.3316
59.5147
59.6984
59.8827
60.0675
60.2529
60.4389
60.6254
60.8125
61.0002
61.1885
61.3774
61.5668
61.7568
61.9475
62.1387
62.3304
62.5228
62.7158
62.9094
63.1035
63.2983
63.4937
63.6897
63.8862
64.0834
64.2812
64.4796
64.6786
64.8783
65.0785
65.2794
65.4809
65.683
65.8857
66.0891
66.293
66.4976
66.7029
66.9088
67.1153
67.3224
67.5302
67.7387
67.9477
68.1575
68.3678
68.5788
68.7905
69.0028
69.2158
69.4294
69.6437
69.8587
70.0743
70.2906
70.5075
70.7252
70.9435
71.1624
71.3821
71.6024
71.8234
72.0451
72.2674
72.4905
72.7142
72.9387
73.1638
73.3896
73.6161
73.8433
74.0713
74.2999
74.5292
74.7592
74.99
75.2214
75.4536
75.6865
75.9201
76.1544
76.3895
76.6253
76.8618
77.099
77.337
77.5757
77.8151
78.0553
78.2962
78.5378
78.7803
79.0234
79.2673
79.512
79.7574
80.0036
80.2505
80.4982
80.7466
80.9959
81.2459
81.4966
81.7482
82.0005
82.2536
82.5074
82.7621
83.0175
83.2738
83.5308
83.7886
84.0472
84.3066
84.5669
84.8279
85.0897
85.3523
85.6158
85.88
86.1451
86.411
86.6777
86.9452
87.2136
87.4828
87.7528
88.0236
88.2953
88.5678
88.8412
89.1154
89.3904
89.6664
89.9431
90.2207
90.4992
90.7785
91.0587
91.3397
91.6217
91.9045
92.1881
92.4727
92.7581
93.0444
93.3316
93.6196
93.9086
94.1984
94.4892
94.7808
95.0733
95.3668
95.6611
95.9564
96.2526
96.5497
96.8477
97.1466
97.4464
97.7472
98.0489
98.3515
98.6551
98.9596
99.265
99.5714
99.8787
100.187
100.496
100.806
101.118
101.43
101.743
102.057
102.372
102.688
103.005
103.323
103.641
103.961
104.282
104.604
104.927
105.251
105.576
105.902
106.228
106.556
106.885
107.215
107.546
107.878
108.211
108.545
108.88
109.216
109.553
109.891
110.23
110.571
110.912
111.254
111.598
111.942
112.288
112.634
112.982
113.33
113.68
114.031
114.383
114.736
115.09
115.445
115.802
116.159
116.518
116.877
117.238
117.6
117.963
118.327
118.692
119.059
119.426
119.795
120.164
120.535
120.907
121.281
121.655
122.03
122.407
122.785
123.164
123.544
123.925
124.308
124.691
125.076
125.462
125.85
126.238
126.628
127.018
127.411
127.804
128.198
128.594
128.991
129.389
129.788
130.189
130.591
130.994
131.398
131.804
132.21
132.619
133.028
133.438
133.85
134.263
134.678
135.094
135.51
135.929
136.348
136.769
137.191
137.615
138.039
138.466
138.893
139.322
139.752
140.183
140.616
141.05
141.485
141.922
142.36
142.799
143.24
143.682
144.125
144.57
145.016
145.464
145.913
146.363
146.815
147.268
147.723
148.179
148.636
149.095
149.555
150.017
150.48
150.944
151.41
151.877
152.346
152.816
153.288
153.761
154.236
154.712
155.189
155.668
156.149
156.631
157.114
157.599
158.086
158.573
159.063
159.554
160.046
160.54
161.036
161.533
162.031
162.532
163.033
163.536
164.041
164.547
165.055
165.565
166.076
166.588
167.103
167.618
168.136
168.655
169.175
169.697
170.221
170.746
171.273
171.802
172.332
172.864
173.398
173.933
174.47
175.008
175.549
176.09
176.634
177.179
177.726
178.274
178.825
179.377
179.93
180.486
181.043
181.601
182.162
182.724
183.288
183.854
184.421
184.991
185.562
186.134
186.709
187.285
187.863
188.443
189.025
189.608
190.193
190.78
191.369
191.96
192.552
193.147
193.743
194.341
194.941
195.542
196.146
196.751
197.358
197.968
198.579
199.192
199.806
200.423
201.042
201.662
202.285
202.909
203.535
204.163
204.794
205.426
206.06
206.696
207.334
207.974
208.616
209.259
209.905
210.553
211.203
211.855
212.509
213.165
213.823
214.483
215.145
215.809
216.475
217.143
217.813
218.485
219.16
219.836
220.515
221.195
221.878
222.563
223.25
223.939
224.63
225.323
226.019
226.716
227.416
228.118
228.822
229.528
230.237
230.948
231.66
232.375
233.093
233.812
234.534
235.258
235.984
236.712
237.443
238.176
238.911
239.648
240.388
241.13
241.874
242.62
243.369
244.12
244.874
245.63
246.388
247.148
247.911
248.676
249.444
250.214
250.986
251.761
252.538
253.317
254.099
254.883
255.67
256.459
257.251
258.045
258.841
259.64
260.442
261.245
262.052
262.861
263.672
264.486
265.302
266.121
266.942
267.766
268.593
269.422
270.253
271.087
271.924
272.763
273.605
274.45
275.297
276.147
276.999
277.854
278.711
279.572
280.435
281.3
282.168
283.039
283.913
284.789
285.668
286.55
287.434
288.321
289.211
290.104
290.999
291.898
292.799
293.702
294.609
295.518
296.43
297.345
298.263
299.183
300.107
301.033
301.962
302.894
303.829
304.767
305.708
306.651
307.598
308.547
309.499
310.455
311.413
312.374
313.338
314.305
315.275
316.248
317.225
318.204
319.186
320.171
321.159
322.15
323.145
324.142
325.143
326.146
327.153
328.163
329.175
330.191
331.211
332.233
333.258
334.287
335.319
336.354
337.392
338.433
339.478
340.526
341.577
342.631
343.688
344.749
345.813
346.881
347.951
349.025
350.102
351.183
352.267
353.354
354.445
355.539
356.636
357.737
358.841
359.949
361.06
362.174
363.292
364.413
365.538
366.666
367.798
368.933
370.072
371.214
372.36
373.509
374.662
375.818
376.978
378.142
379.309
380.48
381.654
382.832
384.014
385.199
386.388
387.58
388.777
389.977
391.18
392.388
393.599
394.814
396.032
397.255
398.481
399.711
400.944
402.182
403.423
404.668
405.917
407.17
408.427
409.687
410.952
412.22
413.493
414.769
416.049
417.333
418.621
419.913
421.209
422.51
423.814
425.122
426.434
427.75
429.07
430.395
431.723
433.056
434.392
435.733
437.078
438.427
439.78
441.137
442.499
443.865
445.235
446.609
447.987
449.37
450.757
452.148
453.544
454.944
456.348
457.756
459.169
460.587
462.008
463.434
464.865
466.299
467.739
469.182
470.63
472.083
473.54
475.002
476.468
477.938
479.413
480.893
482.377
483.866
485.36
486.858
488.361
489.868
491.38
492.896
494.418
495.944
497.475
499.01
500.55
502.095
503.645
505.199
506.759
508.323
509.892
511.465
513.044
514.628
516.216
517.809
519.408
521.011
522.619
524.232
525.85
527.473
529.101
530.734
532.372
534.015
535.664
537.317
538.975
540.639
542.307
543.981
545.66
547.344
549.034
550.728
552.428
554.133
555.844
557.559
559.28
561.006
562.738
564.475
566.217
567.965
569.718
571.476
573.24
575.009
576.784
578.564
580.35
582.141
583.938
585.74
587.548
589.362
591.181
593.006
594.836
596.672
598.513
600.361
602.214
604.072
605.937
607.807
609.683
611.565
613.453
615.346
617.245
619.15
621.061
622.978
624.901
626.83
628.764
630.705
632.652
634.605
636.563
638.528
640.499
642.476
644.459
646.448
648.443
650.444
652.452
654.466
656.486
658.512
660.545
662.583
664.628
666.68
668.738
670.802
672.872
674.949
677.032
679.122
681.218
683.32
685.429
687.545
689.667
691.796
693.931
696.073
698.221
700.376
702.538
704.706
706.881
709.063
711.252
713.447
715.649
717.858
720.074
722.296
724.525
726.762
729.005
731.255
733.512
735.776
738.047
740.325
742.61
744.902
747.201
749.507
751.821
754.141
756.469
758.804
761.146
763.495
765.852
768.215
770.586
772.965
775.351
777.744
780.144
782.552
784.967
787.39
789.821
792.258
794.704
797.156
799.617
802.085
804.561
807.044
809.535
812.033
814.54
817.054
819.576
822.105
824.643
827.188
829.741
832.302
834.871
837.448
840.032
842.625
845.226
847.835
850.452
853.077
855.71
858.351
861
863.657
866.323
868.997
871.679
874.37
877.068
879.775
882.491
885.215
887.947
890.688
893.437
896.194
898.96
901.735
904.518
907.31
910.11
912.919
915.737
918.564
921.399
924.243
927.095
929.957
932.827
935.706
938.594
941.491
944.397
947.312
950.236
953.169
956.111
959.062
962.022
964.991
967.97
970.957
973.954
976.96
979.976
983
986.034
989.078
992.131
995.193
998.264
1001.35
1004.44
1007.54
1010.65
1013.77
1016.89
1020.03
1023.18
1026.34
1029.51
1032.68
1035.87
1039.07
1042.28
1045.49
1048.72
1051.96
1055.2
1058.46
1061.73
1065
1068.29
1071.59
1074.9
1078.21
1081.54
1084.88
1088.23
1091.59
1094.96
1098.34
1101.73
1105.13
1108.54
1111.96
1115.39
1118.83
1122.29
1125.75
1129.23
1132.71
1136.21
1139.71
1143.23
1146.76
1150.3
1153.85
1157.41
1160.98
1164.57
1168.16
1171.77
1175.38
1179.01
1182.65
1186.3
1189.96
1193.64
1197.32
1201.02
1204.72
1208.44
1212.17
1215.91
1219.66
1223.43
1227.21
1230.99
1234.79
1238.6
1242.43
1246.26
1250.11
1253.97
1257.84
1261.72
1265.61
1269.52
1273.44
1277.37
1281.31
1285.27
1289.23
1293.21
1297.2
1301.21
1305.22
1309.25
1313.29
1317.35
1321.41
1325.49
1329.58
1333.69
1337.8
1341.93
1346.07
1350.23
1354.4
1358.58
1362.77
1366.98
1371.19
1375.43
1379.67
1383.93
1388.2
1392.49
1396.78
1401.1
1405.42
1409.76
1414.11
1418.47
1422.85
1427.24
1431.65
1436.07
1440.5
1444.95
1449.41
1453.88
1458.37
1462.87
1467.38
1471.91
1476.46
1481.01
1485.58
1490.17
1494.77
1499.38
1504.01
1508.65
1513.31
1517.98
1522.66
1527.36
1532.08
1536.81
1541.55
1546.31
1551.08
1555.87
1560.67
1565.49
1570.32
1575.17
1580.03
1584.9
1589.8
1594.7
1599.63
1604.56
1609.52
1614.48
1619.47
1624.46
1629.48
1634.51
1639.55
1644.61
1649.69
1654.78
1659.89
1665.01
1670.15
1675.31
1680.48
1685.66
1690.87
1696.08
1701.32
1706.57
1711.84
1717.12
1722.42
1727.74
1733.07
1738.42
1743.79
1749.17
1754.57
1759.98
1765.41
1770.86
1776.33
1781.81
1787.31
1792.83
1798.36
1803.91
1809.48
1815.06
1820.67
1826.29
1831.92
1837.58
1843.25
1848.94
1854.64
1860.37
1866.11
1871.87
1877.65
1883.44
1889.26
1895.09
1900.94
1906.8
1912.69
1918.59
1924.52
1930.46
1936.41
1942.39
1948.39
1954.4
1960.43
1966.48
1972.55
1978.64
1984.75
1990.87
1997.02
2003.18
2009.36
2015.57
2021.79
2028.03
2034.29
2040.57
2046.86
2053.18
2059.52
2065.88
2072.25
2078.65
2085.06
2091.5
2097.95
2104.43
2110.93
2117.44
2123.98
2130.53
2137.11
2143.7
2150.32
2156.96
2163.61
2170.29
2176.99
2183.71
2190.45
2197.21
2203.99
2210.8
2217.62
2224.46
2231.33
2238.22
2245.12
2252.05
2259.01
2265.98
2272.97
2279.99
2287.02
2294.08
2301.16
2308.27
2315.39
2322.54
2329.71
2336.9
2344.11
2351.34
2358.6
2365.88
2373.18
2380.51
2387.86
2395.23
2402.62
2410.03
2417.47
2424.93
2432.42
2439.93
2447.46
2455.01
2462.59
2470.19
2477.81
2485.46
2493.13
2500.83
2508.55
2516.29
2524.06
2531.85
2539.66
2547.5
2555.36
2563.25
2571.16
2579.1
2587.06
2595.04
2603.05
2611.09
2619.15
2627.23
2635.34
2643.47
2651.63
2659.82
2668.03
2676.26
2684.52
2692.81
2701.12
2709.45
2717.82
2726.21
2734.62
2743.06
2751.53
2760.02
2768.54
2777.08
2785.66
2794.25
2802.88
2811.53
2820.21
2828.91
2837.64
2846.4
2855.19
2864
2872.84
2881.71
2890.6
2899.52
2908.47
2917.45
2926.45
2935.49
2944.55
2953.63
2962.75
2971.89
2981.07
2990.27
2999.5
3008.76
3018.04
3027.36
3036.7
3046.07
3055.48
3064.91
3074.37
3083.86
3093.37
3102.92
3112.5
3122.11
3131.74
3141.41
3151.1
3160.83
3170.59
3180.37
3190.19
3200.03
3209.91
3219.82
3229.76
3239.73
3249.72
3259.75
3269.82
3279.91
3290.03
3300.19
3310.37
3320.59
3330.84
3341.12
3351.43
3361.78
3372.15
3382.56
3393
3403.47
3413.98
3424.51
3435.08
3445.69
3456.32
3466.99
3477.69
3488.42
3499.19
3509.99
3520.83
3531.69
3542.59
3553.53
3564.5
3575.5
3586.53
3597.6
3608.71
3619.84
3631.02
3642.22
3653.47
3664.74
3676.05
3687.4
3698.78
3710.2
3721.65
3733.14
3744.66
3756.22
3767.81
3779.44
3791.1
3802.81
3814.54
3826.32
3838.13
3849.97
3861.86
3873.78
3885.73
3897.72
3909.76
3921.82
3933.93
3946.07
3958.25
3970.47
3982.72
3995.01
4007.34
4019.71
4032.12
4044.56
4057.05
4069.57
4082.13
4094.73
4107.37
4120.05
4132.76
4145.52
4158.31
4171.15
4184.02
4196.94
4209.89
4222.88
4235.92
4248.99
4262.11
4275.26
4288.46
4301.69
4314.97
4328.29
4341.65
4355.05
4368.49
4381.97
4395.5
4409.07
4422.67
4436.32
4450.02
4463.75
4477.53
4491.35
4505.21
4519.12
4533.07
4547.06
4561.09
4575.17
4589.29
4603.45
4617.66
4631.92
4646.21
4660.55
4674.94
4689.37
4703.84
4718.36
4732.92
4747.53
4762.18
4776.88
4791.63
4806.42
4821.25
4836.13
4851.06
4866.03
4881.05
4896.11
4911.23
4926.38
4941.59
4956.84
4972.14
4987.49
5002.88
5018.32
5033.81
5049.35
5064.93
5080.57
5096.25
5111.98
5127.76
5143.58
5159.46
5175.38
5191.36
5207.38
5223.45
5239.57
5255.75
5271.97
5288.24
5304.56
5320.93
5337.36
5353.83
5370.36
5386.93
5403.56
5420.24
5436.97
5453.75
5470.58
5487.47
5504.4
5521.39
5538.43
5555.53
5572.67
5589.87
5607.13
5624.43
5641.79
5659.21
5676.67
5694.2
5711.77
5729.4
5747.08
5764.82
5782.62
5800.46
5818.37
5836.32
5854.34
5872.41
5890.53
5908.71
5926.95
5945.24
5963.59
5982
6000.46
6018.99
6037.56
6056.2
6074.89
6093.64
6112.45
6131.31
6150.24
6169.22
6188.26
6207.36
6226.52
6245.74
6265.02
6284.35
6303.75
6323.21
6342.72
6362.3
6381.94
6401.64
6421.39
6441.21
6461.09
6481.04
6501.04
6521.11
6541.23
6561.42
6581.67
6601.99
6622.37
6642.81
6663.31
6683.88
6704.5
6725.2
6745.96
6766.78
6787.66
6808.61
6829.63
6850.71
6871.85
6893.06
6914.34
6935.68
6957.09
6978.56
7000.1
7021.7
7043.38
7065.11
7086.92
7108.8
7130.74
7152.75
7174.82
7196.97
7219.18
7241.46
7263.81
7286.23
7308.72
7331.28
7353.91
7376.61
7399.37
7422.21
7445.12
7468.1
7491.15
7514.27
7537.46
7560.73
7584.07
7607.47
7630.95
7654.51
7678.13
7701.83
7725.6
7749.45
7773.37
7797.36
7821.43
7845.57
7869.78
7894.07
7918.44
7942.88
7967.39
7991.98
8016.65
8041.39
8066.21
8091.11
8116.08
8141.13
8166.26
8191.47
8216.75
8242.11
8267.55
8293.07
8318.66
8344.34
8370.09
8395.93
8421.84
8447.84
8473.91
8500.07
8526.3
8552.62
8579.01
8605.49
8632.05
8658.7
8685.42
8712.23
8739.12
8766.09
8793.15
8820.29
8847.51
8874.82
8902.21
8929.69
8957.25
8984.9
9012.63
9040.45
9068.35
9096.34
9124.42
9152.58
9180.83
9209.16
9237.59
9266.1
9294.7
9323.39
9352.16
9381.03
9409.98
9439.03
9468.16
9497.39
9526.7
9556.1
9585.6
9615.18
9644.86
9674.63
9704.49
9734.44
9764.49
9794.63
9824.86
9855.18
9885.6
9916.11
9946.72
9977.42
10008.2
10039.1
10070.1
10101.2
10132.3
10163.6
10195
10226.5
10258
10289.7
10321.4
10353.3
10385.3
10417.3
10449.5
10481.7
10514.1
10546.5
10579.1
10611.7
10644.5
10677.3
10710.3
10743.3
10776.5
10809.8
10843.1
10876.6
10910.2
10943.8
10977.6
11011.5
11045.5
11079.6
11113.8
11148.1
11182.5
11217
11251.6
11286.4
11321.2
11356.1
11391.2
11426.3
11461.6
11497
11532.5
11568.1
11603.8
11639.6
11675.5
11711.5
11747.7
11784
11820.3
11856.8
11893.4
11930.1
11966.9
12003.9
12040.9
12078.1
12115.4
12152.8
12190.3
12227.9
12265.6
12303.5
12341.5
12379.6
12417.8
12456.1
12494.5
12533.1
12571.8
12610.6
12649.5
12688.6
12727.7
12767
12806.4
12845.9
12885.6
12925.4
12965.2
13005.3
13045.4
13085.7
13126.1
13166.6
13207.2
13248
13288.9
13329.9
13371
13412.3
13453.7
13495.2
13536.9
13578.6
13620.6
13662.6
13704.8
13747.1
13789.5
13832.1
13874.8
13917.6
13960.5
14003.6
14046.8
14090.2
14133.7
14177.3
14221.1
14265
14309
14353.2
14397.5
14441.9
14486.5
14531.2
14576
14621
14666.2
14711.4
14756.8
14802.4
14848.1
14893.9
14939.9
14986
15032.2
15078.6
15125.2
15171.8
15218.7
15265.6
15312.8
15360
15407.4
15455
15502.7
15550.5
15598.5
15646.7
15695
15743.4
15792
15840.8
15889.6
15938.7
15987.9
16037.2
16086.7
16136.4
16186.2
16236.1
16286.3
16336.5
16386.9
16437.5
16488.3
16539.1
16590.2
16641.4
16692.8
16744.3
16796
16847.8
16899.8
16952
17004.3
17056.8
17109.4
17162.2
17215.2
17268.3
17321.6
17375.1
17428.7
17482.5
17536.5
17590.6
17644.9
17699.4
17754
17808.8
17863.8
17918.9
17974.2
18029.7
18085.3
18141.1
18197.1
18253.3
18309.6
18366.2
18422.8
18479.7
18536.7
18594
18651.3
18708.9
18766.7
18824.6
18882.7
18941
18999.4
19058.1
19116.9
19175.9
19235.1
19294.4
19354
19413.7
19473.7
19533.8
19594.1
19654.5
19715.2
19776
19837.1
19898.3
19959.7
20021.3
20083.1
20145.1
20207.3
20269.7
20332.2
20395
20457.9
20521.1
20584.4
20647.9
20711.7
20775.6
20839.7
20904
20968.6
21033.3
21098.2
21163.3
21228.6
21294.2
21359.9
21425.8
21491.9
21558.3
21624.8
21691.6
21758.5
21825.7
21893
21960.6
22028.4
22096.4
22164.6
22233
22301.6
22370.5
22439.5
22508.8
22578.2
22647.9
22717.8
22787.9
22858.3
22928.8
22999.6
23070.6
23141.8
23213.2
23284.9
23356.7
23428.8
23501.1
23573.7
23646.4
23719.4
23792.6
23866.1
23939.7
24013.6
24087.7
24162.1
24236.7
24311.5
24386.5
24461.8
24537.3
24613
24689
24765.2
24841.6
24918.3
24995.2
25072.3
25149.7
25227.4
25305.2
25383.3
25461.7
25540.3
25619.1
25698.2
25777.5
25857
25936.8
26016.9
26097.2
26177.7
26258.5
26339.6
26420.9
26502.4
26584.2
26666.3
26748.6
26831.2
26914
26997
27080.4
27163.9
27247.8
27331.9
27416.3
27500.9
27585.8
27670.9
27756.3
27842
27927.9
28014.1
28100.6
28187.3
28274.3
28361.6
28449.1
28536.9
28625
28713.3
28802
28890.9
28980
29069.5
29159.2
29249.2
29339.5
29430
29520.9
29612
29703.4
29795.1
29887
29979.3
30071.8
30164.6
30257.7
30351.1
30444.8
30538.8
30633
30727.6
30822.4
30917.5
31013
31108.7
31204.7
31301
31397.6
31494.5
31591.8
31689.3
31787.1
31885.2
31983.6
32082.3
32181.3
32280.7
32380.3
32480.2
32580.5
32681
32781.9
32883.1
32984.6
33086.4
33188.5
33291
33393.7
33496.8
33600.2
33703.9
33807.9
33912.2
34016.9
34121.9
34227.2
34332.9
34438.8
34545.1
34651.8
34758.7
34866
34973.6
35081.5
35189.8
35298.4
35407.4
35516.7
35626.3
35736.3
35846.6
35957.2
36068.2
36179.5
36291.2
36403.2
36515.5
36628.2
36741.3
36854.7
36968.5
37082.6
37197
37311.8
37427
37542.5
37658.4
37774.6
37891.2
38008.2
38125.5
38243.1
38361.2
38479.6
38598.3
38717.5
38837
38956.8
39077.1
39197.7
39318.7
39440
39561.8
39683.9
39806.4
39929.2
40052.5
40176.1
40300.1
40424.5
40549.2
40674.4
40799.9
40925.9
41052.2
41178.9
41306
41433.5
41561.4
41689.7
41818.3
41947.4
42076.9
42206.7
42337
42467.7
42598.8
42730.2
42862.1
42994.4
43127.1
43260.2
43393.8
43527.7
43662
43796.8
43932
44067.6
44203.6
44340
44476.9
44614.2
44751.9
44890
45028.5
45167.5
45306.9
45446.8
45587
45727.7
45868.9
46010.5
46152.5
46294.9
46437.8
46581.1
46724.9
46869.1
47013.8
47158.9
47304.4
47450.5
47596.9
47743.8
47891.2
48039
48187.3
48336
48485.2
48634.8
48784.9
48935.5
49086.6
49238.1
49390
49542.5
49695.4
49848.8
50002.6
50157
50311.8
50467.1
50622.8
50779.1
50935.8
51093
51250.7
51408.9
51567.6
51726.7
51886.4
52046.5
52207.2
52368.3
52530
52692.1
52854.7
53017.9
53181.5
53345.6
53510.3
53675.5
53841.1
54007.3
54174
54341.2
54508.9
54677.2
54845.9
55015.2
55185
55355.3
55526.2
55697.6
55869.5
56041.9
56214.9
56388.4
56562.5
56737
56912.2
57087.8
57264
57440.8
57618
57795.9
57974.3
58153.2
58332.7
58512.7
58693.3
58874.5
59056.2
59238.5
59421.3
59604.7
59788.7
59973.2
60158.3
60344
60530.3
60717.1
60904.5
61092.5
61281.1
61470.2
61659.9
61850.2
62041.1
62232.6
62424.7
62617.4
62810.6
63004.5
63199
63394
63589.7
63786
63982.9
64180.3
64378.4
64577.1
64776.4
64976.4
65176.9
65378.1
65579.9
65782.3
65985.3
66189
66393.3
66598.2
66803.8
67010
67216.8
67424.2
67632.4
67841.1
68050.5
68260.5
68471.2
68682.6
68894.5
69107.2
69320.5
69534.4
69749.1
69964.3
70180.3
70396.9
70614.2
70832.1
71050.7
71270
71490
71710.7
71932
72154
72376.7
72600.1
72824.2
73049
73274.4
73500.6
73727.5
73955
74183.3
74412.2
74641.9
74872.3
75103.4
75335.2
75567.7
75801
76034.9
76269.6
76505
76741.1
76978
77215.6
77453.9
77693
77932.8
78173.3
78414.6
78656.6
78899.4
79142.9
79387.2
79632.2
79878
80124.5
80371.9
80619.9
80868.8
81118.4
81368.7
81619.9
81871.8
82124.5
82378
82632.2
82887.3
83143.1
83399.7
83657.1
83915.3
84174.3
84434.1
84694.8
84956.2
85218.4
85481.4
85745.2
86009.9
86275.4
86541.7
86808.8
87076.7
87345.5
87615.1
87885.5
88156.7
88428.8
88701.8
88975.5
89250.2
89525.6
89802
90079.1
90357.2
90636
90915.8
91196.4
91477.9
91760.2
92043.4
92327.5
92612.5
92898.4
93185.1
93472.7
93761.2
94050.6
94340.9
94632.1
94924.1
95217.1
95511
95805.8
96101.5
96398.1
96695.7
96994.1
97293.5
97593.8
97895
98197.2
98500.2
98804.3
99109.2
99415.1
99722
100030
100339
100648
100959
101270
101583
101897
102211
102527
102843
103160
103479
103798
104119
104440
104762
105086
105410
105735
106062
106389
106717
107047
107377
107709
108041
108375
108709
109045
109381
109719
110057
110397
110738
111080
111422
111766
112111
112457
112804
113153
113502
113852
114204
114556
114910
115264
115620
115977
116335
116694
117054
117415
117778
118141
118506
118872
119239
119607
119976
120346
120718
121090
121464
121839
122215
122592
122970
123350
123731
124113
124496
124880
125265
125652
126040
126429
126819
127211
127603
127997
128392
128788
129186
129585
129985
130386
130788
131192
131597
132003
132410
132819
133229
133640
134053
134466
134882
135298
135715
136134
136554
136976
137399
137823
138248
138675
139103
139532
139963
140395
140828
141263
141699
142136
142575
143015
143456
143899
144343
144789
145236
145684
146134
146585
147037
147491
147946
148403
148861
149320
149781
150244
150707
151172
151639
152107
152577
153047
153520
153994
154469
154946
155424
155904
156385
156868
157352
157837
158325
158813
159303
159795
160288
160783
161279
161777
162276
162777
163280
163784
164289
164796
165305
165815
166327
166840
167355
167872
168390
168910
169431
169954
170478
171005
171532
172062
172593
173126
173660
174196
174734
175273
175814
176357
176901
177447
177995
178544
179095
179648
180202
180759
181316
181876
182437
183001
183565
184132
184700
185270
185842
186416
186991
187568
188147
188728
189310
189895
190481
191069
191659
192250
192843
193439
194036
194635
195235
195838
196442
197049
197657
198267
198879
199493
200109
200726
201346
201967
202591
203216
203843
204472
205103
205736
206371
207008
207647
208288
208931
209576
210223
210872
211522
212175
212830
213487
214146
214807
215470
216135
216802
217471
218143
218816
219491
220169
220848
221530
222214
222899
223587
224278
224970
225664
226361
227059
227760
228463
229168
229876
230585
231297
232011
232727
233445
234166
234888
235613
236341
237070
237802
238536
239272
240010
240751
241494
242240
242987
243737
244490
245244
246001
246761
247522
248286
249052
249821
250592
251366
252142
252920
253700
254483
255269
256057
256847
257640
258435
259233
260033
260835
261640
262448
263258
264071
264886
265703
266523
267346
268171
268999
269829
270662
271497
272335
273176
274019
274865
275713
276564
277418
278274
279133
279994
280859
281725
282595
283467
284342
285220
286100
286983
287869
288757
289649
290543
291439
292339
293241
294146
295054
295965
296878
297795
298714
299636
300561
301488
302419
303352
304289
305228
306170
307115
308063
309014
309967
310924
311884
312846
313812
314781
315752
316727
317704
318685
319669
320655
321645
322638
323633
324632
325634
326639
327648
328659
329673
330691
331711
332735
333762
334792
335826
336862
337902
338945
339991
341040
342093
343149
344208
345271
346336
347405
348477
349553
350632
351714
352800
353889
354981
356077
357176
358278
359384
360493
361606
362722
363841
364964
366091
367221
368354
369491
370631
371775
372923
374074
375229
376387
377548
378714
379883
381055
382231
383411
384594
385781
386972
388167
389365
390566
391772
392981
394194
395411
396631
397855
399083
400315
401551
402790
404033
405280
406531
407786
409045
410307
411573
412844
414118
415396
416678
417964
419254
420548
421846
423149
424455
425765
427079
428397
429719
431045
432376
433710
435049
436392
437739
439090
440445
441805
443168
444536
445908
447284
448665
450050
451439
452832
454230
455632
457038
458449
459864
461283
462707
464135
465568
467005
468446
469892
471342
472797
474256
475720
477188
478661
480139
481620
483107
484598
486094
487594
489099
490609
492123
493642
495165
496694
498227
499765
501307
502854
504407
505963
507525
509091
510663
512239
513820
515406
516997
518592
520193
521799
523409
525025
526645
528271
529901
531537
533177
534823
536474
538129
539790
541456
543128
544804
546486
548172
549864
551561
553264
554971
556684
558402
560126
561855
563589
565328
567073
568824
570579
572340
574107
575879
577656
579439
581228
583022
584821
586626
588437
590253
592075
593902
595735
597574
599419
601269
603124
604986
606853
608726
610605
612490
614380
616277
618179
620087
622001
623920
625846
627778
629715
631659
633609
635564
637526
639494
641467
643447
645433
647425
649424
651428
653439
655456
657479
659508
661544
663585
665634
667688
669749
671816
673890
675970
678056
680149
682248
684354
686466
688585
690710
692842
694980
697126
699277
701435
703600
705772
707950
710136
712327
714526
716731
718944
721163
723388
725621
727861
730107
732361
734621
736889
739163
741444
743733
746028
748331
750641
752958
755282
757613
759951
762297
764650
767010
769377
771752
774134
776523
778920
781324
783736
786155
788581
791015
793456
795905
798362
800826
803298
805777
808264
810759
813261
815772
818289
820815
823348
825890
828439
830996
833561
836133
838714
841303
843900
846504
849117
851738
854367
857004
859649
862302
864964
867633
870311
872997
875692
878395
881106
883825
886553
889290
892035
894788
897550
900320
903099
905886
908682
911487
914300
917122
919953
922792
925640
928497
931363
934238
937121
940014
942915
945825
948745
951673
954610
957557
960512
963477
966451
969434
972426
975427
978438
981458
984487
987526
990574
993631
996698
999774
1.00286e+06
1.00596e+06
1.00906e+06
1.01217e+06
1.0153e+06
1.01843e+06
1.02158e+06
1.02473e+06
1.02789e+06
1.03106e+06
1.03425e+06
1.03744e+06
1.04064e+06
1.04385e+06
1.04707e+06
1.05031e+06
1.05355e+06
1.0568e+06
1.06006e+06
1.06333e+06
1.06662e+06
1.06991e+06
1.07321e+06
1.07652e+06
1.07985e+06
1.08318e+06
1.08652e+06
1.08987e+06
1.09324e+06
1.09661e+06
1.1e+06
1.10339e+06
1.1068e+06
1.11021e+06
1.11364e+06
1.11708e+06
1.12053e+06
1.12398e+06
1.12745e+06
1.13093e+06
1.13442e+06
1.13793e+06
1.14144e+06
1.14496e+06
1.1485e+06
1.15204e+06
1.1556e+06
1.15916e+06
1.16274e+06
1.16633e+06
1.16993e+06
1.17354e+06
1.17716e+06
1.1808e+06
1.18444e+06
1.1881e+06
1.19176e+06
1.19544e+06
1.19913e+06
1.20283e+06
1.20654e+06
1.21027e+06
1.214e+06
1.21775e+06
1.22151e+06
1.22528e+06
1.22906e+06
1.23285e+06
1.23666e+06
1.24048e+06
1.24431e+06
1.24815e+06
1.252e+06
1.25586e+06
1.25974e+06
1.26363e+06
1.26753e+06
1.27144e+06
1.27536e+06
1.2793e+06
1.28325e+06
1.28721e+06
1.29118e+06
1.29517e+06
1.29917e+06
1.30318e+06
1.3072e+06
1.31123e+06
1.31528e+06
1.31934e+06
1.32341e+06
1.3275e+06
1.33159e+06
1.3357e+06
1.33983e+06
1.34396e+06
1.34811e+06
1.35227e+06
1.35644e+06
1.36063e+06
1.36483e+06
1.36904e+06
1.37327e+06
1.37751e+06
1.38176e+06
1.38602e+06
1.3903e+06
1.39459e+06
1.3989e+06
1.40321e+06
1.40755e+06
1.41189e+06
1.41625e+06
1.42062e+06
1.425e+06
1.4294e+06
1.43381e+06
1.43824e+06
1.44268e+06
1.44713e+06
1.4516e+06
1.45608e+06
1.46057e+06
1.46508e+06
1.4696e+06
1.47414e+06
1.47869e+06
1.48325e+06
1.48783e+06
1.49242e+06
1.49703e+06
1.50165e+06
1.50628e+06
1.51093e+06
1.5156e+06
1.52027e+06
1.52497e+06
1.52967e+06
1.5344e+06
1.53913e+06
1.54388e+06
1.54865e+06
1.55343e+06
1.55822e+06
1.56303e+06
1.56785e+06
1.57269e+06
1.57755e+06
1.58242e+06
1.5873e+06
1.5922e+06
1.59712e+06
1.60204e+06
1.60699e+06
1.61195e+06
1.61692e+06
1.62192e+06
1.62692e+06
1.63194e+06
1.63698e+06
1.64203e+06
1.6471e+06
1.65218e+06
1.65728e+06
1.6624e+06
1.66753e+06
1.67268e+06
1.67784e+06
1.68302e+06
1.68821e+06
1.69342e+06
1.69865e+06
1.70389e+06
1.70915e+06
1.71443e+06
1.71972e+06
1.72503e+06
1.73035e+06
1.73569e+06
1.74105e+06
1.74642e+06
1.75181e+06
1.75722e+06
1.76264e+06
1.76808e+06
1.77354e+06
1.77902e+06
1.78451e+06
1.79001e+06
1.79554e+06
1.80108e+06
1.80664e+06
1.81222e+06
1.81781e+06
1.82342e+06
1.82905e+06
1.83469e+06
1.84036e+06
1.84604e+06
1.85173e+06
1.85745e+06
1.86318e+06
1.86893e+06
1.8747e+06
1.88049e+06
1.88629e+06
1.89211e+06
1.89795e+06
1.90381e+06
1.90969e+06
1.91558e+06
1.92149e+06
1.92743e+06
1.93337e+06
1.93934e+06
1.94533e+06
1.95133e+06
1.95735e+06
1.9634e+06
1.96946e+06
1.97553e+06
1.98163e+06
1.98775e+06
1.99388e+06
2.00004e+06
2.00621e+06
2.0124e+06
2.01861e+06
2.02484e+06
2.03109e+06
2.03736e+06
2.04365e+06
2.04996e+06
2.05629e+06
2.06263e+06
2.069e+06
2.07539e+06
2.08179e+06
2.08822e+06
2.09466e+06
2.10113e+06
2.10761e+06
2.11412e+06
2.12064e+06
2.12719e+06
2.13375e+06
2.14034e+06
2.14695e+06
2.15357e+06
2.16022e+06
2.16689e+06
2.17357e+06
2.18028e+06
2.18701e+06
2.19376e+06
2.20053e+06
2.20733e+06
2.21414e+06
2.22097e+06
2.22783e+06
2.2347e+06
2.2416e+06
2.24852e+06
2.25546e+06
2.26242e+06
2.2694e+06
2.27641e+06
2.28344e+06
2.29048e+06
2.29755e+06
2.30464e+06
2.31176e+06
2.31889e+06
2.32605e+06
2.33323e+06
2.34043e+06
2.34765e+06
2.3549e+06
2.36217e+06
2.36946e+06
2.37677e+06
2.38411e+06
2.39147e+06
2.39885e+06
2.40625e+06
2.41368e+06
2.42113e+06
2.4286e+06
2.4361e+06
2.44362e+06
2.45116e+06
2.45872e+06
2.46631e+06
2.47393e+06
2.48156e+06
2.48922e+06
2.4969e+06
2.50461e+06
2.51234e+06
2.5201e+06
2.52787e+06
2.53568e+06
2.5435e+06
2.55135e+06
2.55923e+06
2.56713e+06
2.57505e+06
2.583e+06
2.59097e+06
2.59897e+06
2.60699e+06
2.61504e+06
2.62311e+06
2.6312e+06
2.63932e+06
2.64747e+06
2.65564e+06
2.66384e+06
2.67206e+06
2.68031e+06
2.68858e+06
2.69688e+06
2.7052e+06
2.71355e+06
2.72193e+06
2.73033e+06
2.73876e+06
2.74721e+06
2.75569e+06
2.76419e+06
2.77273e+06
2.78128e+06
2.78987e+06
2.79848e+06
2.80712e+06
2.81578e+06
2.82447e+06
2.83319e+06
2.84193e+06
2.85071e+06
2.8595e+06
2.86833e+06
2.87718e+06
2.88606e+06
2.89497e+06
2.90391e+06
2.91287e+06
2.92186e+06
2.93088e+06
2.93992e+06
2.949e+06
2.9581e+06
2.96723e+06
2.97639e+06
2.98558e+06
2.99479e+06
3.00403e+06
3.01331e+06
3.02261e+06
3.03194e+06
3.04129e+06
3.05068e+06
3.0601e+06
3.06954e+06
3.07902e+06
3.08852e+06
3.09805e+06
3.10761e+06
3.11721e+06
3.12683e+06
3.13648e+06
3.14616e+06
3.15587e+06
3.16561e+06
3.17538e+06
3.18518e+06
3.19501e+06
3.20487e+06
3.21477e+06
3.22469e+06
3.23464e+06
3.24462e+06
3.25464e+06
3.26468e+06
3.27476e+06
3.28487e+06
3.29501e+06
3.30518e+06
3.31538e+06
3.32561e+06
3.33588e+06
3.34617e+06
3.3565e+06
3.36686e+06
3.37725e+06
3.38768e+06
3.39813e+06
3.40862e+06
3.41914e+06
3.42969e+06
3.44028e+06
3.4509e+06
3.46155e+06
3.47223e+06
3.48295e+06
3.4937e+06
3.50448e+06
3.5153e+06
3.52615e+06
3.53703e+06
3.54795e+06
3.5589e+06
3.56989e+06
3.5809e+06
3.59196e+06
3.60304e+06
3.61416e+06
3.62532e+06
3.63651e+06
3.64773e+06
3.65899e+06
3.67029e+06
3.68161e+06
3.69298e+06
3.70438e+06
3.71581e+06
3.72728e+06
3.73878e+06
3.75032e+06
3.7619e+06
3.77351e+06
3.78515e+06
3.79684e+06
3.80856e+06
3.82031e+06
3.8321e+06
3.84393e+06
3.85579e+06
3.8677e+06
3.87963e+06
3.89161e+06
3.90362e+06
3.91567e+06
3.92775e+06
3.93988e+06
3.95204e+06
3.96423e+06
3.97647e+06
3.98874e+06
4.00106e+06
4.0134e+06
4.02579e+06
4.03822e+06
4.05068e+06
4.06318e+06
4.07572e+06
4.0883e+06
4.10092e+06
4.11358e+06
4.12628e+06
4.13901e+06
4.15179e+06
4.1646e+06
4.17746e+06
4.19035e+06
4.20328e+06
4.21626e+06
4.22927e+06
4.24232e+06
4.25542e+06
4.26855e+06
4.28173e+06
4.29494e+06
4.3082e+06
4.3215e+06
4.33483e+06
4.34821e+06
4.36163e+06
4.3751e+06
4.3886e+06
4.40215e+06
4.41573e+06
4.42936e+06
4.44303e+06
4.45675e+06
4.4705e+06
4.4843e+06
4.49814e+06
4.51203e+06
4.52595e+06
4.53992e+06
4.55393e+06
4.56799e+06
4.58209e+06
4.59623e+06
4.61042e+06
4.62465e+06
4.63892e+06
4.65324e+06
4.6676e+06
4.68201e+06
4.69646e+06
4.71095e+06
4.72549e+06
4.74008e+06
4.75471e+06
4.76939e+06
4.78411e+06
4.79887e+06
4.81368e+06
4.82854e+06
4.84344e+06
4.85839e+06
4.87339e+06
4.88843e+06
4.90352e+06
4.91865e+06
4.93384e+06
4.94906e+06
4.96434e+06
4.97966e+06
4.99503e+06
5.01045e+06
5.02591e+06
5.04143e+06
5.05699e+06
5.07259e+06
5.08825e+06
5.10396e+06
5.11971e+06
5.13551e+06
5.15136e+06
5.16726e+06
5.18321e+06
5.19921e+06
5.21525e+06
5.23135e+06
5.2475e+06
5.26369e+06
5.27994e+06
5.29624e+06
5.31258e+06
5.32898e+06
5.34543e+06
5.36193e+06
5.37848e+06
5.39508e+06
5.41173e+06
5.42843e+06
5.44519e+06
5.46199e+06
5.47885e+06
5.49576e+06
5.51273e+06
5.52974e+06
5.54681e+06
5.56393e+06
5.5811e+06
5.59833e+06
5.61561e+06
5.63294e+06
5.65033e+06
5.66777e+06
5.68526e+06
5.70281e+06
5.72041e+06
5.73806e+06
5.75578e+06
5.77354e+06
5.79136e+06
5.80924e+06
5.82717e+06
5.84515e+06
5.86319e+06
5.88129e+06
5.89944e+06
5.91765e+06
5.93591e+06
5.95424e+06
5.97261e+06
5.99105e+06
6.00954e+06
6.02809e+06
6.04669e+06
6.06536e+06
6.08408e+06
6.10286e+06
6.12169e+06
6.14059e+06
6.15954e+06
6.17855e+06
6.19762e+06
6.21675e+06
6.23594e+06
6.25519e+06
6.27449e+06
6.29386e+06
6.31328e+06
6.33277e+06
6.35232e+06
6.37192e+06
6.39159e+06
6.41132e+06
6.43111e+06
6.45096e+06
6.47087e+06
6.49084e+06
6.51087e+06
6.53097e+06
6.55113e+06
6.57135e+06
6.59163e+06
6.61197e+06
6.63238e+06
6.65285e+06
6.67339e+06
6.69398e+06
6.71464e+06
6.73537e+06
6.75616e+06
6.77701e+06
6.79793e+06
6.81891e+06
6.83996e+06
6.86107e+06
6.88224e+06
6.90349e+06
6.92479e+06
6.94617e+06
6.96761e+06
6.98911e+06
7.01068e+06
7.03232e+06
7.05403e+06
7.0758e+06
7.09764e+06
7.11955e+06
7.14152e+06
7.16356e+06
7.18567e+06
7.20785e+06
7.2301e+06
7.25241e+06
7.2748e+06
7.29725e+06
7.31978e+06
7.34237e+06
7.36503e+06
7.38776e+06
7.41056e+06
7.43344e+06
7.45638e+06
7.47939e+06
7.50248e+06
7.52564e+06
7.54886e+06
7.57216e+06
7.59553e+06
7.61898e+06
7.64249e+06
7.66608e+06
7.68974e+06
7.71348e+06
7.73729e+06
7.76117e+06
7.78512e+06
7.80915e+06
7.83325e+06
7.85743e+06
7.88168e+06
7.90601e+06
7.93041e+06
7.95489e+06
7.97944e+06
8.00407e+06
8.02877e+06
8.05356e+06
8.07841e+06
8.10335e+06
8.12836e+06
8.15345e+06
8.17861e+06
8.20385e+06
8.22918e+06
8.25457e+06
8.28005e+06
8.30561e+06
8.33124e+06
8.35696e+06
8.38275e+06
8.40863e+06
8.43458e+06
8.46061e+06
8.48673e+06
8.51292e+06
8.5392e+06
8.56555e+06
8.59199e+06
8.61851e+06
8.64511e+06
8.67179e+06
8.69856e+06
8.72541e+06
8.75234e+06
8.77935e+06
8.80645e+06
8.83363e+06
8.86089e+06
8.88824e+06
8.91568e+06
8.94319e+06
8.9708e+06
8.99849e+06
9.02626e+06
9.05412e+06
9.08207e+06
9.1101e+06
9.13822e+06
9.16642e+06
9.19471e+06
9.22309e+06
9.25156e+06
9.28011e+06
9.30876e+06
9.33749e+06
9.36631e+06
9.39522e+06
9.42422e+06
9.4533e+06
9.48248e+06
9.51175e+06
9.54111e+06
9.57056e+06
9.60009e+06
9.62973e+06
9.65945e+06
9.68926e+06
9.71917e+06
9.74917e+06
9.77926e+06
9.80944e+06
9.83972e+06
9.87009e+06
9.90055e+06
9.93111e+06
9.96176e+06
9.99251e+06
1.00233e+07
1.00543e+07
1.00853e+07
1.01164e+07
1.01477e+07
1.0179e+07
1.02104e+07
1.02419e+07
1.02735e+07
1.03052e+07
1.03371e+07
1.0369e+07
1.0401e+07
1.04331e+07
1.04653e+07
1.04976e+07
1.053e+07
1.05625e+07
1.05951e+07
1.06278e+07
1.06606e+07
1.06935e+07
1.07265e+07
1.07596e+07
1.07928e+07
1.08261e+07
1.08595e+07
1.0893e+07
1.09267e+07
1.09604e+07
1.09942e+07
1.10282e+07
1.10622e+07
1.10963e+07
1.11306e+07
1.11649e+07
1.11994e+07
1.1234e+07
1.12686e+07
1.13034e+07
1.13383e+07
1.13733e+07
1.14084e+07
1.14436e+07
1.14789e+07
1.15144e+07
1.15499e+07
1.15856e+07
1.16213e+07
1.16572e+07
1.16932e+07
1.17293e+07
1.17655e+07
1.18018e+07
1.18382e+07
1.18747e+07
1.19114e+07
1.19482e+07
1.1985e+07
1.2022e+07
1.20591e+07
1.20963e+07
1.21337e+07
1.21711e+07
1.22087e+07
1.22464e+07
1.22842e+07
1.23221e+07
1.23601e+07
1.23983e+07
1.24365e+07
1.24749e+07
1.25134e+07
1.25521e+07
1.25908e+07
1.26297e+07
1.26686e+07
1.27077e+07
1.2747e+07
1.27863e+07
1.28258e+07
1.28654e+07
1.29051e+07
1.29449e+07
1.29849e+07
1.30249e+07
1.30651e+07
1.31055e+07
1.31459e+07
1.31865e+07
1.32272e+07
1.3268e+07
1.3309e+07
1.335e+07
1.33912e+07
1.34326e+07
1.3474e+07
1.35156e+07
1.35573e+07
1.35992e+07
1.36412e+07
1.36833e+07
1.37255e+07
1.37679e+07
1.38104e+07
1.3853e+07
1.38957e+07
1.39386e+07
1.39816e+07
1.40248e+07
1.40681e+07
1.41115e+07
1.41551e+07
1.41988e+07
1.42426e+07
1.42865e+07
1.43306e+07
1.43749e+07
1.44192e+07
1.44637e+07
1.45084e+07
1.45532e+07
1.45981e+07
1.46431e+07
1.46883e+07
1.47337e+07
1.47791e+07
1.48248e+07
1.48705e+07
1.49164e+07
1.49625e+07
1.50086e+07
1.5055e+07
1.51014e+07
1.5148e+07
1.51948e+07
1.52417e+07
1.52887e+07
1.53359e+07
1.53833e+07
1.54307e+07
1.54784e+07
1.55261e+07
1.55741e+07
1.56221e+07
1.56703e+07
1.57187e+07
1.57672e+07
1.58159e+07
1.58647e+07
1.59137e+07
1.59628e+07
1.60121e+07
1.60615e+07
1.61111e+07
1.61608e+07
1.62107e+07
1.62607e+07
1.63109e+07
1.63612e+07
1.64117e+07
1.64624e+07
1.65132e+07
1.65642e+07
1.66153e+07
1.66666e+07
1.6718e+07
1.67696e+07
1.68214e+07
1.68733e+07
1.69254e+07
1.69776e+07
1.703e+07
1.70826e+07
1.71353e+07
1.71882e+07
1.72412e+07
1.72945e+07
1.73478e+07
1.74014e+07
1.74551e+07
1.7509e+07
1.7563e+07
1.76172e+07
1.76716e+07
1.77261e+07
1.77808e+07
1.78357e+07
1.78908e+07
1.7946e+07
1.80014e+07
1.80569e+07
1.81127e+07
1.81686e+07
1.82247e+07
1.82809e+07
1.83373e+07
1.83939e+07
1.84507e+07
1.85076e+07
1.85648e+07
1.86221e+07
1.86795e+07
1.87372e+07
1.8795e+07
1.8853e+07
1.89112e+07
1.89696e+07
1.90282e+07
1.90869e+07
1.91458e+07
1.92049e+07
1.92642e+07
1.93236e+07
1.93833e+07
1.94431e+07
1.95031e+07
1.95633e+07
1.96237e+07
1.96843e+07
1.9745e+07
1.9806e+07
1.98671e+07
1.99284e+07
1.99899e+07
2.00516e+07
2.01135e+07
2.01756e+07
2.02379e+07
2.03003e+07
2.0363e+07
2.04258e+07
2.04889e+07
2.05521e+07
2.06155e+07
2.06792e+07
2.0743e+07
2.0807e+07
2.08712e+07
2.09357e+07
2.10003e+07
2.10651e+07
2.11301e+07
2.11953e+07
2.12607e+07
2.13264e+07
2.13922e+07
2.14582e+07
2.15244e+07
2.15909e+07
2.16575e+07
2.17244e+07
2.17914e+07
2.18587e+07
2.19261e+07
2.19938e+07
2.20617e+07
2.21298e+07
2.21981e+07
2.22666e+07
2.23353e+07
2.24043e+07
2.24734e+07
2.25428e+07
2.26124e+07
2.26822e+07
2.27522e+07
2.28224e+07
2.28928e+07
2.29635e+07
2.30344e+07
2.31055e+07
2.31768e+07
2.32483e+07
2.33201e+07
2.33921e+07
2.34643e+07
2.35367e+07
2.36093e+07
2.36822e+07
2.37553e+07
2.38286e+07
2.39022e+07
2.39759e+07
2.40499e+07
2.41242e+07
2.41986e+07
2.42733e+07
2.43482e+07
2.44234e+07
2.44988e+07
2.45744e+07
2.46502e+07
2.47263e+07
2.48026e+07
2.48792e+07
2.4956e+07
2.5033e+07
2.51103e+07
2.51878e+07
2.52655e+07
2.53435e+07
2.54217e+07
2.55002e+07
2.55789e+07
2.56578e+07
2.5737e+07
2.58165e+07
2.58961e+07
2.59761e+07
2.60562e+07
2.61367e+07
2.62173e+07
2.62983e+07
2.63794e+07
2.64608e+07
2.65425e+07
2.66244e+07
2.67066e+07
2.6789e+07
2.68717e+07
2.69547e+07
2.70379e+07
2.71213e+07
2.7205e+07
2.7289e+07
2.73732e+07
2.74577e+07
2.75425e+07
2.76275e+07
2.77127e+07
2.77983e+07
2.78841e+07
2.79701e+07
2.80565e+07
2.81431e+07
2.82299e+07
2.83171e+07
2.84045e+07
2.84921e+07
2.85801e+07
2.86683e+07
2.87568e+07
2.88455e+07
2.89346e+07
2.90239e+07
2.91134e+07
2.92033e+07
2.92934e+07
2.93839e+07
2.94746e+07
2.95655e+07
2.96568e+07
2.97483e+07
2.98401e+07
2.99322e+07
3.00246e+07
3.01173e+07
3.02102e+07
3.03035e+07
3.0397e+07
3.04908e+07
3.0585e+07
3.06794e+07
3.0774e+07
3.0869e+07
3.09643e+07
3.10599e+07
3.11557e+07
3.12519e+07
3.13484e+07
3.14451e+07
3.15422e+07
3.16395e+07
3.17372e+07
3.18351e+07
3.19334e+07
3.2032e+07
3.21308e+07
3.223e+07
3.23295e+07
3.24293e+07
3.25294e+07
3.26298e+07
3.27305e+07
3.28315e+07
3.29328e+07
3.30345e+07
3.31364e+07
3.32387e+07
3.33413e+07
3.34442e+07
3.35474e+07
3.3651e+07
3.37548e+07
3.3859e+07
3.39635e+07
3.40684e+07
3.41735e+07
3.4279e+07
3.43848e+07
3.44909e+07
3.45974e+07
3.47042e+07
3.48113e+07
3.49187e+07
3.50265e+07
3.51346e+07
3.5243e+07
3.53518e+07
3.54609e+07
3.55704e+07
3.56802e+07
3.57903e+07
3.59008e+07
3.60116e+07
3.61227e+07
3.62342e+07
3.63461e+07
3.64582e+07
3.65708e+07
3.66836e+07
3.67969e+07
3.69104e+07
3.70244e+07
3.71386e+07
3.72533e+07
3.73682e+07
3.74836e+07
3.75993e+07
3.77153e+07
3.78317e+07
3.79485e+07
3.80656e+07
3.81831e+07
3.8301e+07
3.84192e+07
3.85378e+07
3.86567e+07
3.8776e+07
3.88957e+07
3.90158e+07
3.91362e+07
3.9257e+07
3.93781e+07
3.94997e+07
3.96216e+07
3.97439e+07
3.98666e+07
3.99896e+07
4.0113e+07
4.02368e+07
4.0361e+07
4.04856e+07
4.06106e+07
4.07359e+07
4.08616e+07
4.09878e+07
4.11143e+07
4.12412e+07
4.13685e+07
4.14961e+07
4.16242e+07
4.17527e+07
4.18816e+07
4.20108e+07
4.21405e+07
4.22706e+07
4.2401e+07
4.25319e+07
4.26632e+07
4.27949e+07
4.29269e+07
4.30594e+07
4.31923e+07
4.33257e+07
4.34594e+07
4.35935e+07
4.37281e+07
4.3863e+07
4.39984e+07
4.41342e+07
4.42704e+07
4.44071e+07
4.45441e+07
4.46816e+07
4.48195e+07
4.49579e+07
4.50966e+07
4.52358e+07
4.53754e+07
4.55155e+07
4.5656e+07
4.57969e+07
4.59382e+07
4.608e+07
4.62223e+07
4.63649e+07
4.6508e+07
4.66516e+07
4.67956e+07
4.694e+07
4.70849e+07
4.72302e+07
4.7376e+07
4.75222e+07
4.76689e+07
4.7816e+07
4.79636e+07
4.81116e+07
4.82601e+07
4.84091e+07
4.85585e+07
4.87084e+07
4.88587e+07
4.90095e+07
4.91608e+07
4.93125e+07
4.94647e+07
4.96174e+07
4.97705e+07
4.99242e+07
5.00783e+07
5.02328e+07
5.03879e+07
5.05434e+07
5.06994e+07
5.08559e+07
5.10128e+07
5.11703e+07
5.13282e+07
5.14867e+07
5.16456e+07
5.1805e+07
5.19649e+07
5.21253e+07
5.22861e+07
5.24475e+07
5.26094e+07
5.27718e+07
5.29347e+07
5.3098e+07
5.32619e+07
5.34263e+07
5.35912e+07
5.37566e+07
5.39225e+07
5.4089e+07
5.42559e+07
5.44234e+07
5.45914e+07
5.47599e+07
5.49289e+07
5.50984e+07
5.52685e+07
5.54391e+07
5.56102e+07
5.57818e+07
5.5954e+07
5.61267e+07
5.62999e+07
5.64737e+07
5.6648e+07
5.68228e+07
5.69982e+07
5.71741e+07
5.73506e+07
5.75276e+07
5.77052e+07
5.78833e+07
5.80619e+07
5.82412e+07
5.84209e+07
5.86012e+07
5.87821e+07
5.89635e+07
5.91455e+07
5.93281e+07
5.95112e+07
5.96949e+07
5.98791e+07
6.00639e+07
6.02493e+07
6.04353e+07
6.06218e+07
6.08089e+07
6.09966e+07
6.11849e+07
6.13737e+07
6.15632e+07
6.17532e+07
6.19438e+07
6.2135e+07
6.23267e+07
6.25191e+07
6.27121e+07
6.29056e+07
6.30998e+07
6.32946e+07
6.34899e+07
6.36859e+07
6.38824e+07
6.40796e+07
6.42774e+07
6.44758e+07
6.46748e+07
6.48744e+07
6.50746e+07
6.52755e+07
6.5477e+07
6.56791e+07
6.58818e+07
6.60851e+07
6.62891e+07
6.64937e+07
6.66989e+07
6.69048e+07
6.71113e+07
6.73184e+07
6.75262e+07
6.77346e+07
6.79437e+07
6.81534e+07
6.83638e+07
6.85748e+07
6.87864e+07
6.89987e+07
6.92117e+07
6.94253e+07
6.96396e+07
6.98545e+07
7.00701e+07
7.02864e+07
7.05034e+07
7.0721e+07
7.09392e+07
7.11582e+07
7.13778e+07
7.15981e+07
7.18191e+07
7.20408e+07
7.22631e+07
7.24862e+07
7.27099e+07
7.29343e+07
7.31594e+07
7.33852e+07
7.36118e+07
7.3839e+07
7.40669e+07
7.42955e+07
7.45248e+07
7.47548e+07
7.49855e+07
7.5217e+07
7.54491e+07
7.5682e+07
7.59156e+07
7.61499e+07
7.63849e+07
7.66207e+07
7.68572e+07
7.70944e+07
7.73324e+07
7.75711e+07
7.78105e+07
7.80506e+07
7.82915e+07
7.85332e+07
7.87756e+07
7.90187e+07
7.92626e+07
7.95073e+07
7.97527e+07
7.99988e+07
8.02457e+07
8.04934e+07
8.07418e+07
8.09911e+07
8.1241e+07
8.14918e+07
8.17433e+07
8.19956e+07
8.22487e+07
8.25025e+07
8.27572e+07
8.30126e+07
8.32688e+07
8.35258e+07
8.37836e+07
8.40422e+07
8.43016e+07
8.45618e+07
8.48228e+07
8.50846e+07
8.53473e+07
8.56107e+07
8.58749e+07
8.614e+07
8.64058e+07
8.66725e+07
8.694e+07
8.72084e+07
8.74776e+07
8.77476e+07
8.80184e+07
8.82901e+07
8.85626e+07
8.88359e+07
8.91101e+07
8.93851e+07
8.9661e+07
8.99378e+07
9.02154e+07
9.04938e+07
9.07731e+07
9.10533e+07
9.13343e+07
9.16162e+07
9.1899e+07
9.21826e+07
9.24672e+07
9.27526e+07
9.30388e+07
9.3326e+07
9.36141e+07
9.3903e+07
9.41928e+07
9.44836e+07
9.47752e+07
9.50677e+07
9.53611e+07
9.56555e+07
9.59507e+07
9.62469e+07
9.65439e+07
9.68419e+07
9.71408e+07
9.74406e+07
9.77414e+07
9.80431e+07
9.83457e+07
9.86492e+07
9.89537e+07
9.92591e+07
9.95655e+07
9.98728e+07
1.00181e+08
1.0049e+08
1.008e+08
1.01112e+08
1.01424e+08
1.01737e+08
1.02051e+08
1.02366e+08
1.02682e+08
1.02999e+08
1.03316e+08
1.03635e+08
1.03955e+08
1.04276e+08
1.04598e+08
1.04921e+08
1.05245e+08
1.05569e+08
1.05895e+08
1.06222e+08
1.0655e+08
1.06879e+08
1.07209e+08
1.0754e+08
1.07872e+08
1.08204e+08
1.08538e+08
1.08873e+08
1.09209e+08
1.09547e+08
1.09885e+08
1.10224e+08
1.10564e+08
1.10905e+08
1.11248e+08
1.11591e+08
1.11935e+08
1.12281e+08
1.12627e+08
1.12975e+08
1.13324e+08
1.13674e+08
1.14024e+08
1.14376e+08
1.14729e+08
1.15083e+08
1.15439e+08
1.15795e+08
1.16152e+08
1.16511e+08
1.1687e+08
1.17231e+08
1.17593e+08
1.17956e+08
1.1832e+08
1.18685e+08
1.19052e+08
1.19419e+08
1.19788e+08
1.20157e+08
1.20528e+08
1.209e+08
1.21273e+08
1.21648e+08
1.22023e+08
1.224e+08
1.22778e+08
1.23156e+08
1.23537e+08
1.23918e+08
1.243e+08
1.24684e+08
1.25069e+08
1.25455e+08
1.25842e+08
1.2623e+08
1.2662e+08
1.27011e+08
1.27403e+08
1.27796e+08
1.28191e+08
1.28586e+08
1.28983e+08
1.29381e+08
1.29781e+08
1.30181e+08
1.30583e+08
1.30986e+08
1.3139e+08
1.31796e+08
1.32203e+08
1.32611e+08
1.3302e+08
1.33431e+08
1.33842e+08
1.34255e+08
1.3467e+08
1.35086e+08
1.35502e+08
1.35921e+08
1.3634e+08
1.36761e+08
1.37183e+08
1.37607e+08
1.38031e+08
1.38457e+08
1.38885e+08
1.39313e+08
1.39743e+08
1.40175e+08
1.40607e+08
1.41041e+08
1.41477e+08
1.41913e+08
1.42351e+08
1.42791e+08
1.43231e+08
1.43673e+08
1.44117e+08
1.44562e+08
1.45008e+08
1.45455e+08
1.45904e+08
1.46355e+08
1.46806e+08
1.4726e+08
1.47714e+08
1.4817e+08
1.48627e+08
1.49086e+08
1.49546e+08
1.50008e+08
1.50471e+08
1.50935e+08
1.51401e+08
1.51868e+08
1.52337e+08
1.52807e+08
1.53279e+08
1.53752e+08
1.54227e+08
1.54703e+08
1.5518e+08
1.55659e+08
1.56139e+08
1.56621e+08
1.57105e+08
1.5759e+08
1.58076e+08
1.58564e+08
1.59053e+08
1.59544e+08
1.60037e+08
1.60531e+08
1.61026e+08
1.61523e+08
1.62022e+08
1.62522e+08
1.63023e+08
1.63527e+08
1.64031e+08
1.64538e+08
1.65045e+08
1.65555e+08
1.66066e+08
1.66578e+08
1.67093e+08
1.67608e+08
1.68126e+08
1.68645e+08
1.69165e+08
1.69687e+08
1.70211e+08
1.70736e+08
1.71263e+08
1.71792e+08
1.72322e+08
1.72854e+08
1.73388e+08
1.73923e+08
1.74459e+08
1.74998e+08
1.75538e+08
1.7608e+08
1.76623e+08
1.77169e+08
1.77715e+08
1.78264e+08
1.78814e+08
1.79366e+08
1.7992e+08
1.80475e+08
1.81032e+08
1.81591e+08
1.82151e+08
1.82713e+08
1.83277e+08
1.83843e+08
1.8441e+08
1.8498e+08
1.85551e+08
1.86123e+08
1.86698e+08
1.87274e+08
1.87852e+08
1.88432e+08
1.89013e+08
1.89597e+08
1.90182e+08
1.90769e+08
1.91358e+08
1.91948e+08
1.92541e+08
1.93135e+08
1.93731e+08
1.94329e+08
1.94929e+08
1.95531e+08
1.96134e+08
1.96739e+08
1.97347e+08
1.97956e+08
1.98567e+08
1.9918e+08
1.99794e+08
2.00411e+08
2.0103e+08
2.0165e+08
2.02273e+08
2.02897e+08
2.03523e+08
2.04151e+08
2.04781e+08
2.05413e+08
2.06047e+08
2.06683e+08
2.07321e+08
2.07961e+08
2.08603e+08
2.09247e+08
2.09893e+08
2.10541e+08
2.11191e+08
2.11842e+08
2.12496e+08
2.13152e+08
2.1381e+08
2.1447e+08
2.15132e+08
2.15796e+08
2.16462e+08
2.1713e+08
2.178e+08
2.18472e+08
2.19147e+08
2.19823e+08
2.20502e+08
2.21182e+08
2.21865e+08
2.2255e+08
2.23237e+08
2.23926e+08
2.24617e+08
2.2531e+08
2.26005e+08
2.26703e+08
2.27403e+08
2.28105e+08
2.28809e+08
2.29515e+08
2.30223e+08
2.30934e+08
2.31647e+08
2.32362e+08
2.33079e+08
2.33798e+08
2.3452e+08
2.35244e+08
2.3597e+08
2.36698e+08
2.37429e+08
2.38161e+08
2.38896e+08
2.39634e+08
2.40373e+08
2.41115e+08
2.4186e+08
2.42606e+08
2.43355e+08
2.44106e+08
2.44859e+08
2.45615e+08
2.46373e+08
2.47134e+08
2.47896e+08
2.48662e+08
2.49429e+08
2.50199e+08
2.50971e+08
2.51746e+08
2.52523e+08
2.53302e+08
2.54084e+08
2.54868e+08
2.55655e+08
2.56444e+08
2.57236e+08
2.58029e+08
2.58826e+08
2.59625e+08
2.60426e+08
2.6123e+08
2.62036e+08
2.62845e+08
2.63656e+08
2.6447e+08
2.65286e+08
2.66105e+08
2.66926e+08
2.6775e+08
2.68577e+08
2.69406e+08
2.70237e+08
2.71071e+08
2.71908e+08
2.72747e+08
2.73589e+08
2.74433e+08
2.7528e+08
2.7613e+08
2.76982e+08
2.77837e+08
2.78695e+08
2.79555e+08
2.80418e+08
2.81283e+08
2.82152e+08
2.83022e+08
2.83896e+08
2.84772e+08
2.85651e+08
2.86533e+08
2.87417e+08
2.88304e+08
2.89194e+08
2.90087e+08
2.90982e+08
2.9188e+08
2.92781e+08
2.93685e+08
2.94591e+08
2.955e+08
2.96413e+08
2.97327e+08
2.98245e+08
2.99166e+08
3.00089e+08
3.01015e+08
3.01944e+08
3.02876e+08
3.03811e+08
3.04749e+08
3.05689e+08
3.06633e+08
3.07579e+08
3.08529e+08
3.09481e+08
3.10436e+08
3.11394e+08
3.12355e+08
3.1332e+08
3.14287e+08
3.15257e+08
3.1623e+08
3.17206e+08
3.18185e+08
3.19167e+08
3.20152e+08
3.2114e+08
3.22131e+08
3.23126e+08
3.24123e+08
3.25123e+08
3.26127e+08
3.27133e+08
3.28143e+08
3.29156e+08
3.30172e+08
3.31191e+08
3.32213e+08
3.33239e+08
3.34267e+08
3.35299e+08
3.36334e+08
3.37372e+08
3.38413e+08
3.39458e+08
3.40505e+08
3.41556e+08
3.4261e+08
3.43668e+08
3.44729e+08
3.45793e+08
3.4686e+08
3.47931e+08
3.49004e+08
3.50082e+08
3.51162e+08
3.52246e+08
3.53333e+08
3.54424e+08
3.55518e+08
3.56615e+08
3.57716e+08
3.5882e+08
3.59927e+08
3.61038e+08
3.62153e+08
3.6327e+08
3.64392e+08
3.65516e+08
3.66644e+08
3.67776e+08
3.68911e+08
3.7005e+08
3.71192e+08
3.72338e+08
3.73487e+08
3.7464e+08
3.75796e+08
3.76956e+08
3.78119e+08
3.79286e+08
3.80457e+08
3.81631e+08
3.82809e+08
3.83991e+08
3.85176e+08
3.86365e+08
3.87557e+08
3.88754e+08
3.89953e+08
3.91157e+08
3.92364e+08
3.93575e+08
3.9479e+08
3.96009e+08
3.97231e+08
3.98457e+08
3.99687e+08
4.0092e+08
4.02158e+08
4.03399e+08
4.04644e+08
4.05893e+08
4.07146e+08
4.08403e+08
4.09663e+08
4.10928e+08
4.12196e+08
4.13468e+08
4.14744e+08
4.16024e+08
4.17308e+08
4.18596e+08
4.19888e+08
4.21184e+08
4.22484e+08
4.23788e+08
4.25096e+08
4.26409e+08
4.27725e+08
4.29045e+08
4.30369e+08
4.31697e+08
4.3303e+08
4.34366e+08
4.35707e+08
4.37052e+08
4.38401e+08
4.39754e+08
4.41111e+08
4.42473e+08
4.43838e+08
4.45208e+08
4.46582e+08
4.47961e+08
4.49343e+08
4.5073e+08
4.52122e+08
4.53517e+08
4.54917e+08
4.56321e+08
4.57729e+08
4.59142e+08
4.60559e+08
4.61981e+08
4.63407e+08
4.64837e+08
4.66272e+08
4.67711e+08
4.69154e+08
4.70602e+08
4.72055e+08
4.73512e+08
4.74973e+08
4.76439e+08
4.7791e+08
4.79385e+08
4.80865e+08
4.82349e+08
4.83838e+08
4.85331e+08
4.86829e+08
4.88332e+08
4.89839e+08
4.91351e+08
4.92867e+08
4.94388e+08
4.95914e+08
4.97445e+08
4.9898e+08
5.0052e+08
5.02065e+08
5.03615e+08
5.05169e+08
5.06729e+08
5.08293e+08
5.09861e+08
5.11435e+08
5.13014e+08
5.14597e+08
5.16185e+08
5.17779e+08
5.19377e+08
5.2098e+08
5.22588e+08
5.24201e+08
5.25819e+08
5.27442e+08
5.2907e+08
5.30702e+08
5.3234e+08
5.33984e+08
5.35632e+08
5.37285e+08
5.38943e+08
5.40607e+08
5.42275e+08
5.43949e+08
5.45628e+08
5.47312e+08
5.49001e+08
5.50696e+08
5.52395e+08
5.541e+08
5.55811e+08
5.57526e+08
5.59247e+08
5.60973e+08
5.62705e+08
5.64441e+08
5.66183e+08
5.67931e+08
5.69684e+08
5.71442e+08
5.73206e+08
5.74975e+08
5.7675e+08
5.7853e+08
5.80316e+08
5.82107e+08
5.83903e+08
5.85706e+08
5.87513e+08
5.89327e+08
5.91146e+08
5.9297e+08
5.948e+08
5.96636e+08
5.98478e+08
6.00325e+08
6.02178e+08
6.04037e+08
6.05901e+08
6.07771e+08
6.09647e+08
6.11529e+08
6.13416e+08
6.15309e+08
6.17209e+08
6.19114e+08
6.21024e+08
6.22941e+08
6.24864e+08
6.26793e+08
6.28727e+08
6.30668e+08
6.32614e+08
6.34567e+08
6.36525e+08
6.3849e+08
6.40461e+08
6.42438e+08
6.4442e+08
6.46409e+08
6.48405e+08
6.50406e+08
6.52413e+08
6.54427e+08
6.56447e+08
6.58473e+08
6.60505e+08
6.62544e+08
6.64589e+08
6.6664e+08
6.68698e+08
6.70762e+08
6.72832e+08
6.74909e+08
6.76992e+08
6.79081e+08
6.81177e+08
6.8328e+08
6.85389e+08
6.87504e+08
6.89626e+08
6.91755e+08
6.9389e+08
6.96031e+08
6.9818e+08
7.00335e+08
7.02496e+08
7.04665e+08
7.06839e+08
7.09021e+08
7.1121e+08
7.13405e+08
7.15607e+08
7.17815e+08
7.20031e+08
7.22253e+08
7.24482e+08
7.26719e+08
7.28962e+08
7.31212e+08
7.33468e+08
7.35732e+08
7.38003e+08
7.40281e+08
7.42566e+08
7.44858e+08
7.47157e+08
7.49463e+08
7.51776e+08
7.54096e+08
7.56424e+08
7.58759e+08
7.61101e+08
7.6345e+08
7.65806e+08
7.6817e+08
7.70541e+08
7.72919e+08
7.75305e+08
7.77697e+08
7.80098e+08
7.82506e+08
7.84921e+08
7.87343e+08
7.89774e+08
7.92211e+08
7.94656e+08
7.97109e+08
7.99569e+08
8.02037e+08
8.04513e+08
8.06996e+08
8.09487e+08
8.11985e+08
8.14491e+08
8.17005e+08
8.19527e+08
8.22056e+08
8.24594e+08
8.27139e+08
8.29692e+08
8.32253e+08
8.34821e+08
8.37398e+08
8.39983e+08
8.42575e+08
8.45176e+08
8.47784e+08
8.50401e+08
8.53026e+08
8.55659e+08
8.583e+08
8.60949e+08
8.63606e+08
8.66272e+08
8.68945e+08
8.71627e+08
8.74318e+08
8.77016e+08
8.79723e+08
8.82438e+08
8.85162e+08
8.87894e+08
8.90635e+08
8.93384e+08
8.96141e+08
8.98907e+08
9.01681e+08
9.04464e+08
9.07256e+08
9.10056e+08
9.12865e+08
9.15683e+08
9.18509e+08
9.21344e+08
9.24188e+08
9.2704e+08
9.29902e+08
9.32772e+08
9.35651e+08
9.38539e+08
9.41435e+08
9.44341e+08
9.47256e+08
9.50179e+08
9.53112e+08
9.56054e+08
9.59005e+08
9.61965e+08
9.64934e+08
9.67912e+08
9.709e+08
9.73896e+08
9.76902e+08
9.79917e+08
9.82942e+08
9.85976e+08
9.89019e+08
9.92072e+08
9.95134e+08
9.98205e+08
1.00129e+09
1.00438e+09
1.00748e+09
1.01059e+09
1.01371e+09
1.01683e+09
1.01997e+09
1.02312e+09
1.02628e+09
1.02945e+09
1.03262e+09
1.03581e+09
1.03901e+09
1.04221e+09
1.04543e+09
1.04866e+09
1.05189e+09
1.05514e+09
1.0584e+09
1.06166e+09
1.06494e+09
1.06823e+09
1.07153e+09
1.07483e+09
1.07815e+09
1.08148e+09
1.08482e+09
1.08816e+09
1.09152e+09
1.09489e+09
1.09827e+09
1.10166e+09
1.10506e+09
1.10847e+09
1.11189e+09
1.11533e+09
1.11877e+09
1.12222e+09
1.12568e+09
1.12916e+09
1.13264e+09
1.13614e+09
1.13965e+09
1.14316e+09
1.14669e+09
1.15023e+09
1.15378e+09
1.15734e+09
1.16092e+09
1.1645e+09
1.16809e+09
1.1717e+09
1.17531e+09
1.17894e+09
1.18258e+09
1.18623e+09
1.18989e+09
1.19356e+09
1.19725e+09
1.20094e+09
1.20465e+09
1.20837e+09
1.2121e+09
1.21584e+09
1.21959e+09
1.22336e+09
1.22713e+09
1.23092e+09
1.23472e+09
1.23853e+09
1.24235e+09
1.24619e+09
1.25003e+09
1.25389e+09
1.25776e+09
1.26164e+09
1.26554e+09
1.26944e+09
1.27336e+09
1.27729e+09
1.28124e+09
1.28519e+09
1.28916e+09
1.29314e+09
1.29713e+09
1.30113e+09
1.30515e+09
1.30917e+09
1.31322e+09
1.31727e+09
1.32133e+09
1.32541e+09
1.3295e+09
1.33361e+09
1.33772e+09
1.34185e+09
1.34599e+09
1.35015e+09
1.35432e+09
1.3585e+09
1.36269e+09
1.36689e+09
1.37111e+09
1.37535e+09
1.37959e+09
1.38385e+09
1.38812e+09
1.3924e+09
1.3967e+09
1.40101e+09
1.40534e+09
1.40967e+09
1.41403e+09
1.41839e+09
1.42277e+09
1.42716e+09
1.43156e+09
1.43598e+09
1.44041e+09
1.44486e+09
1.44932e+09
1.45379e+09
1.45828e+09
1.46278e+09
1.4673e+09
1.47182e+09
1.47637e+09
1.48092e+09
1.4855e+09
1.49008e+09
1.49468e+09
1.49929e+09
1.50392e+09
1.50856e+09
1.51322e+09
1.51789e+09
1.52257e+09
1.52727e+09
1.53199e+09
1.53672e+09
1.54146e+09
1.54622e+09
1.55099e+09
1.55578e+09
1.56058e+09
1.56539e+09
1.57023e+09
1.57507e+09
1.57993e+09
1.58481e+09
1.5897e+09
1.59461e+09
1.59953e+09
1.60447e+09
1.60942e+09
1.61439e+09
1.61937e+09
1.62437e+09
1.62938e+09
1.63441e+09
1.63946e+09
1.64452e+09
1.64959e+09
1.65468e+09
1.65979e+09
1.66491e+09
1.67005e+09
1.67521e+09
1.68038e+09
1.68556e+09
1.69077e+09
1.69598e+09
1.70122e+09
1.70647e+09
1.71174e+09
1.71702e+09
1.72232e+09
1.72764e+09
1.73297e+09
1.73832e+09
1.74368e+09
1.74906e+09
1.75446e+09
1.75988e+09
1.76531e+09
1.77076e+09
1.77622e+09
1.78171e+09
1.7872e+09
1.79272e+09
1.79825e+09
1.8038e+09
1.80937e+09
1.81496e+09
1.82056e+09
1.82618e+09
1.83181e+09
1.83747e+09
1.84314e+09
1.84883e+09
1.85453e+09
1.86026e+09
1.866e+09
1.87176e+09
1.87754e+09
1.88333e+09
1.88914e+09
1.89498e+09
1.90082e+09
1.90669e+09
1.91258e+09
1.91848e+09
1.9244e+09
1.93034e+09
1.9363e+09
1.94227e+09
1.94827e+09
1.95428e+09
1.96031e+09
1.96637e+09
1.97243e+09
1.97852e+09
1.98463e+09
1.99075e+09
1.9969e+09
2.00306e+09
2.00924e+09
2.01545e+09
2.02167e+09
2.02791e+09
2.03417e+09
2.04044e+09
2.04674e+09
2.05306e+09
2.0594e+09
2.06575e+09
2.07213e+09
2.07852e+09
2.08494e+09
2.09137e+09
2.09783e+09
2.1043e+09
2.1108e+09
2.11731e+09
2.12385e+09
2.1304e+09
2.13698e+09
2.14358e+09
2.15019e+09
2.15683e+09
2.16349e+09
2.17016e+09
2.17686e+09
2.18358e+09
2.19032e+09
2.19708e+09
2.20386e+09
2.21066e+09
2.21749e+09
2.22433e+09
2.2312e+09
2.23808e+09
2.24499e+09
2.25192e+09
2.25887e+09
2.26584e+09
2.27284e+09
2.27985e+09
2.28689e+09
2.29395e+09
2.30103e+09
2.30813e+09
2.31525e+09
2.3224e+09
2.32957e+09
2.33676e+09
2.34397e+09
2.3512e+09
2.35846e+09
2.36574e+09
2.37304e+09
2.38037e+09
2.38771e+09
2.39508e+09
2.40248e+09
2.40989e+09
2.41733e+09
2.42479e+09
2.43227e+09
2.43978e+09
2.44731e+09
2.45487e+09
2.46244e+09
2.47004e+09
2.47767e+09
2.48531e+09
2.49299e+09
2.50068e+09
2.5084e+09
2.51614e+09
2.52391e+09
2.5317e+09
2.53951e+09
2.54735e+09
2.55521e+09
2.5631e+09
2.57101e+09
2.57894e+09
2.5869e+09
2.59489e+09
2.6029e+09
2.61093e+09
2.61899e+09
2.62707e+09
2.63518e+09
2.64332e+09
2.65147e+09
2.65966e+09
2.66787e+09
2.6761e+09
2.68436e+09
2.69265e+09
2.70096e+09
2.70929e+09
2.71766e+09
2.72604e+09
2.73446e+09
2.7429e+09
2.75136e+09
2.75986e+09
2.76837e+09
2.77692e+09
2.78549e+09
2.79409e+09
2.80271e+09
2.81136e+09
2.82004e+09
2.82874e+09
2.83747e+09
2.84623e+09
2.85502e+09
2.86383e+09
2.87267e+09
2.88153e+09
2.89043e+09
2.89935e+09
2.9083e+09
2.91727e+09
2.92628e+09
2.93531e+09
2.94437e+09
2.95346e+09
2.96257e+09
2.97172e+09
2.98089e+09
2.99009e+09
2.99932e+09
3.00858e+09
3.01786e+09
3.02718e+09
3.03652e+09
3.04589e+09
3.05529e+09
3.06472e+09
3.07418e+09
3.08367e+09
3.09319e+09
3.10274e+09
3.11231e+09
3.12192e+09
3.13156e+09
3.14122e+09
3.15092e+09
3.16064e+09
3.1704e+09
3.18018e+09
3.19e+09
3.19984e+09
3.20972e+09
3.21963e+09
3.22956e+09
3.23953e+09
3.24953e+09
3.25956e+09
3.26962e+09
3.27971e+09
3.28984e+09
3.29999e+09
3.31018e+09
3.32039e+09
3.33064e+09
3.34092e+09
3.35123e+09
3.36158e+09
3.37195e+09
3.38236e+09
3.3928e+09
3.40327e+09
3.41377e+09
3.42431e+09
3.43488e+09
3.44548e+09
3.45612e+09
3.46678e+09
3.47748e+09
3.48822e+09
3.49898e+09
3.50978e+09
3.52062e+09
3.53148e+09
3.54238e+09
3.55332e+09
3.56428e+09
3.57528e+09
3.58632e+09
3.59739e+09
3.60849e+09
3.61963e+09
3.6308e+09
3.64201e+09
3.65325e+09
3.66453e+09
3.67584e+09
3.68718e+09
3.69856e+09
3.70998e+09
3.72143e+09
3.73291e+09
3.74444e+09
3.75599e+09
3.76759e+09
3.77921e+09
3.79088e+09
3.80258e+09
3.81432e+09
3.82609e+09
3.8379e+09
3.84974e+09
3.86163e+09
3.87355e+09
3.8855e+09
3.89749e+09
3.90952e+09
3.92159e+09
3.93369e+09
3.94583e+09
3.95801e+09
3.97023e+09
3.98248e+09
3.99478e+09
4.00711e+09
4.01947e+09
4.03188e+09
4.04432e+09
4.05681e+09
4.06933e+09
4.08189e+09
4.09449e+09
4.10712e+09
4.1198e+09
4.13252e+09
4.14527e+09
4.15807e+09
4.1709e+09
4.18377e+09
4.19669e+09
4.20964e+09
4.22263e+09
4.23567e+09
4.24874e+09
4.26185e+09
4.27501e+09
4.2882e+09
4.30144e+09
4.31471e+09
4.32803e+09
4.34139e+09
4.35479e+09
4.36823e+09
4.38171e+09
4.39524e+09
4.4088e+09
4.42241e+09
4.43606e+09
4.44975e+09
4.46349e+09
4.47726e+09
4.49108e+09
4.50494e+09
4.51885e+09
4.5328e+09
4.54679e+09
4.56082e+09
4.5749e+09
4.58902e+09
4.60318e+09
4.61739e+09
4.63164e+09
4.64594e+09
4.66028e+09
4.67466e+09
4.68909e+09
4.70356e+09
4.71808e+09
4.73264e+09
4.74725e+09
4.7619e+09
4.7766e+09
4.79134e+09
4.80613e+09
4.82096e+09
4.83584e+09
4.85077e+09
4.86574e+09
4.88076e+09
4.89582e+09
4.91093e+09
4.92609e+09
4.9413e+09
4.95655e+09
4.97185e+09
4.98719e+09
5.00258e+09
5.01803e+09
5.03351e+09
5.04905e+09
5.06463e+09
5.08027e+09
5.09595e+09
5.11167e+09
5.12745e+09
5.14328e+09
5.15915e+09
5.17508e+09
5.19105e+09
5.20707e+09
5.22314e+09
5.23926e+09
5.25543e+09
5.27166e+09
5.28793e+09
5.30425e+09
5.32062e+09
5.33704e+09
5.35351e+09
5.37004e+09
5.38661e+09
5.40324e+09
5.41991e+09
5.43664e+09
5.45342e+09
5.47026e+09
5.48714e+09
5.50408e+09
5.52106e+09
5.5381e+09
5.5552e+09
5.57234e+09
5.58954e+09
5.60679e+09
5.6241e+09
5.64146e+09
5.65887e+09
5.67634e+09
5.69386e+09
5.71143e+09
5.72906e+09
5.74674e+09
5.76448e+09
5.78227e+09
5.80012e+09
5.81802e+09
5.83598e+09
5.85399e+09
5.87206e+09
5.89018e+09
5.90836e+09
5.9266e+09
5.94489e+09
5.96324e+09
5.98165e+09
6.00011e+09
6.01863e+09
6.0372e+09
6.05584e+09
6.07453e+09
6.09328e+09
6.11209e+09
6.13095e+09
6.14987e+09
6.16885e+09
6.1879e+09
6.20699e+09
6.22615e+09
6.24537e+09
6.26465e+09
6.28398e+09
6.30338e+09
6.32283e+09
6.34235e+09
6.36192e+09
6.38156e+09
6.40126e+09
6.42101e+09
6.44083e+09
6.46071e+09
6.48065e+09
6.50065e+09
6.52072e+09
6.54084e+09
6.56103e+09
6.58128e+09
6.6016e+09
6.62197e+09
6.64241e+09
6.66291e+09
6.68348e+09
6.70411e+09
6.7248e+09
6.74555e+09
6.76638e+09
6.78726e+09
6.80821e+09
6.82922e+09
6.8503e+09
6.87144e+09
6.89265e+09
6.91393e+09
6.93527e+09
6.95667e+09
6.97814e+09
6.99968e+09
7.02129e+09
7.04296e+09
7.0647e+09
7.0865e+09
7.10837e+09
7.13031e+09
7.15232e+09
7.1744e+09
7.19654e+09
7.21875e+09
7.24103e+09
7.26338e+09
7.2858e+09
7.30829e+09
7.33085e+09
7.35347e+09
7.37617e+09
7.39893e+09
7.42177e+09
7.44468e+09
7.46766e+09
7.49071e+09
7.51383e+09
7.53702e+09
7.56028e+09
7.58361e+09
7.60702e+09
7.6305e+09
7.65405e+09
7.67768e+09
7.70137e+09
7.72514e+09
7.74899e+09
7.7729e+09
7.7969e+09
7.82096e+09
7.8451e+09
7.86931e+09
7.8936e+09
7.91797e+09
7.9424e+09
7.96692e+09
7.99151e+09
8.01617e+09
8.04092e+09
8.06573e+09
8.09063e+09
8.1156e+09
8.14065e+09
8.16578e+09
8.19098e+09
8.21626e+09
8.24162e+09
8.26706e+09
8.29257e+09
8.31817e+09
8.34384e+09
8.3696e+09
8.39543e+09
8.42134e+09
8.44733e+09
8.47341e+09
8.49956e+09
8.52579e+09
8.55211e+09
8.57851e+09
8.60498e+09
8.63154e+09
8.65818e+09
8.68491e+09
8.71171e+09
8.7386e+09
8.76557e+09
8.79263e+09
8.81977e+09
8.84699e+09
8.87429e+09
8.90168e+09
8.92916e+09
8.95672e+09
8.98436e+09
9.01209e+09
9.03991e+09
9.06781e+09
9.0958e+09
9.12387e+09
9.15203e+09
9.18028e+09
9.20862e+09
9.23704e+09
9.26555e+09
9.29415e+09
9.32283e+09
9.35161e+09
9.38047e+09
9.40943e+09
9.43847e+09
9.4676e+09
9.49682e+09
9.52613e+09
9.55554e+09
9.58503e+09
9.61461e+09
9.64429e+09
9.67406e+09
9.70391e+09
9.73387e+09
9.76391e+09
9.79405e+09
9.82427e+09
9.8546e+09
9.88501e+09
9.91552e+09
9.94613e+09
9.97683e+09
1.00076e+10
1.00385e+10
1.00695e+10
1.01006e+10
1.01317e+10
1.0163e+10
1.01944e+10
1.02259e+10
1.02574e+10
1.02891e+10
1.03208e+10
1.03527e+10
1.03846e+10
1.04167e+10
1.04488e+10
1.04811e+10
1.05134e+10
1.05459e+10
1.05784e+10
1.06111e+10
1.06438e+10
1.06767e+10
1.07096e+10
1.07427e+10
1.07759e+10
1.08091e+10
1.08425e+10
1.08759e+10
1.09095e+10
1.09432e+10
1.0977e+10
1.10108e+10
1.10448e+10
1.10789e+10
1.11131e+10
1.11474e+10
1.11818e+10
1.12163e+10
1.1251e+10
1.12857e+10
1.13205e+10
1.13555e+10
1.13905e+10
1.14257e+10
1.14609e+10
1.14963e+10
1.15318e+10
1.15674e+10
1.16031e+10
1.16389e+10
1.16748e+10
1.17108e+10
1.1747e+10
1.17833e+10
1.18196e+10
1.18561e+10
1.18927e+10
1.19294e+10
1.19662e+10
1.20032e+10
1.20402e+10
1.20774e+10
1.21146e+10
1.2152e+10
1.21895e+10
1.22272e+10
1.22649e+10
1.23028e+10
1.23407e+10
1.23788e+10
1.2417e+10
1.24554e+10
1.24938e+10
1.25324e+10
1.2571e+10
1.26098e+10
1.26488e+10
1.26878e+10
1.2727e+10
1.27662e+10
1.28056e+10
1.28452e+10
1.28848e+10
1.29246e+10
1.29645e+10
1.30045e+10
1.30446e+10
1.30849e+10
1.31253e+10
1.31658e+10
1.32064e+10
1.32472e+10
1.32881e+10
1.33291e+10
1.33702e+10
1.34115e+10
1.34529e+10
1.34944e+10
1.35361e+10
1.35778e+10
1.36198e+10
1.36618e+10
1.3704e+10
1.37463e+10
1.37887e+10
1.38312e+10
1.38739e+10
1.39168e+10
1.39597e+10
1.40028e+10
1.4046e+10
1.40894e+10
1.41329e+10
1.41765e+10
1.42202e+10
1.42641e+10
1.43081e+10
1.43523e+10
1.43966e+10
1.4441e+10
1.44856e+10
1.45303e+10
1.45752e+10
1.46202e+10
1.46653e+10
1.47105e+10
1.47559e+10
1.48015e+10
1.48472e+10
1.4893e+10
1.4939e+10
1.49851e+10
1.50313e+10
1.50777e+10
1.51243e+10
1.51709e+10
1.52178e+10
1.52647e+10
1.53119e+10
1.53591e+10
1.54065e+10
1.54541e+10
1.55018e+10
1.55496e+10
1.55976e+10
1.56458e+10
1.5694e+10
1.57425e+10
1.57911e+10
1.58398e+10
1.58887e+10
1.59377e+10
1.59869e+10
1.60363e+10
1.60858e+10
1.61354e+10
1.61852e+10
1.62352e+10
1.62853e+10
1.63356e+10
1.6386e+10
1.64365e+10
1.64873e+10
1.65382e+10
1.65892e+10
1.66404e+10
1.66918e+10
1.67433e+10
1.6795e+10
1.68468e+10
1.68988e+10
1.6951e+10
1.70033e+10
1.70558e+10
1.71084e+10
1.71612e+10
1.72142e+10
1.72673e+10
1.73206e+10
1.73741e+10
1.74277e+10
1.74815e+10
1.75354e+10
1.75896e+10
1.76439e+10
1.76983e+10
1.77529e+10
1.78077e+10
1.78627e+10
1.79178e+10
1.79731e+10
1.80286e+10
1.80842e+10
1.81401e+10
1.81961e+10
1.82522e+10
1.83086e+10
1.83651e+10
1.84217e+10
1.84786e+10
1.85356e+10
1.85928e+10
1.86502e+10
1.87078e+10
1.87655e+10
1.88235e+10
1.88816e+10
1.89398e+10
1.89983e+10
1.90569e+10
1.91158e+10
1.91748e+10
1.92339e+10
1.92933e+10
1.93528e+10
1.94126e+10
1.94725e+10
1.95326e+10
1.95929e+10
1.96534e+10
1.9714e+10
1.97749e+10
1.98359e+10
1.98971e+10
1.99585e+10
2.00201e+10
2.00819e+10
2.01439e+10
2.02061e+10
2.02685e+10
2.0331e+10
2.03938e+10
2.04567e+10
2.05199e+10
2.05832e+10
2.06467e+10
2.07104e+10
2.07744e+10
2.08385e+10
2.09028e+10
2.09673e+10
2.1032e+10
2.10969e+10
2.11621e+10
2.12274e+10
2.12929e+10
2.13586e+10
2.14245e+10
2.14907e+10
2.1557e+10
2.16235e+10
2.16903e+10
2.17572e+10
2.18244e+10
2.18917e+10
2.19593e+10
2.20271e+10
2.20951e+10
2.21633e+10
2.22317e+10
2.23003e+10
2.23691e+10
2.24382e+10
2.25074e+10
2.25769e+10
2.26466e+10
2.27165e+10
2.27866e+10
2.28569e+10
2.29275e+10
2.29982e+10
2.30692e+10
2.31404e+10
2.32118e+10
2.32835e+10
2.33553e+10
2.34274e+10
2.34997e+10
2.35723e+10
2.3645e+10
2.3718e+10
2.37912e+10
2.38646e+10
2.39383e+10
2.40122e+10
2.40863e+10
2.41606e+10
2.42352e+10
2.431e+10
2.43851e+10
2.44603e+10
2.45358e+10
2.46115e+10
2.46875e+10
2.47637e+10
2.48401e+10
2.49168e+10
2.49937e+10
2.50709e+10
2.51482e+10
2.52259e+10
2.53037e+10
2.53818e+10
2.54602e+10
2.55387e+10
2.56176e+10
2.56966e+10
2.57759e+10
2.58555e+10
2.59353e+10
2.60154e+10
2.60957e+10
2.61762e+10
2.6257e+10
2.6338e+10
2.64193e+10
2.65009e+10
2.65827e+10
2.66647e+10
2.6747e+10
2.68296e+10
2.69124e+10
2.69954e+10
2.70788e+10
2.71623e+10
2.72462e+10
2.73303e+10
2.74146e+10
2.74992e+10
2.75841e+10
2.76693e+10
2.77547e+10
2.78403e+10
2.79262e+10
2.80124e+10
2.80989e+10
2.81856e+10
2.82726e+10
2.83599e+10
2.84474e+10
2.85352e+10
2.86233e+10
2.87116e+10
2.88003e+10
2.88892e+10
2.89783e+10
2.90678e+10
2.91575e+10
2.92475e+10
2.93377e+10
2.94283e+10
2.95191e+10
2.96102e+10
2.97016e+10
2.97933e+10
2.98853e+10
2.99775e+10
3.007e+10
3.01628e+10
3.02559e+10
3.03493e+10
3.0443e+10
3.0537e+10
3.06312e+10
3.07257e+10
3.08206e+10
3.09157e+10
3.10111e+10
3.11068e+10
3.12029e+10
3.12992e+10
3.13958e+10
3.14927e+10
3.15899e+10
3.16874e+10
3.17852e+10
3.18833e+10
3.19817e+10
3.20804e+10
3.21794e+10
3.22787e+10
3.23784e+10
3.24783e+10
3.25786e+10
3.26791e+10
3.278e+10
3.28811e+10
3.29826e+10
3.30844e+10
3.31865e+10
3.3289e+10
3.33917e+10
3.34948e+10
3.35982e+10
3.37019e+10
3.38059e+10
3.39102e+10
3.40149e+10
3.41199e+10
3.42252e+10
3.43308e+10
3.44368e+10
3.45431e+10
3.46497e+10
3.47566e+10
3.48639e+10
3.49715e+10
3.50795e+10
3.51877e+10
3.52963e+10
3.54053e+10
3.55146e+10
3.56242e+10
3.57341e+10
3.58444e+10
3.59551e+10
3.6066e+10
3.61774e+10
3.6289e+10
3.6401e+10
3.65134e+10
3.66261e+10
3.67391e+10
3.68525e+10
3.69663e+10
3.70804e+10
3.71948e+10
3.73096e+10
3.74248e+10
3.75403e+10
3.76561e+10
3.77724e+10
3.78889e+10
3.80059e+10
3.81232e+10
3.82409e+10
3.83589e+10
3.84773e+10
3.85961e+10
3.87152e+10
3.88347e+10
3.89545e+10
3.90748e+10
3.91954e+10
3.93163e+10
3.94377e+10
3.95594e+10
3.96815e+10
3.9804e+10
3.99269e+10
4.00501e+10
4.01737e+10
4.02977e+10
4.04221e+10
4.05468e+10
4.0672e+10
4.07975e+10
4.09234e+10
4.10498e+10
4.11765e+10
4.13035e+10
4.1431e+10
4.15589e+10
4.16872e+10
4.18158e+10
4.19449e+10
4.20744e+10
4.22042e+10
4.23345e+10
4.24652e+10
4.25962e+10
4.27277e+10
4.28596e+10
4.29919e+10
4.31246e+10
4.32577e+10
4.33912e+10
4.35251e+10
4.36594e+10
4.37942e+10
4.39294e+10
4.4065e+10
4.4201e+10
4.43374e+10
4.44742e+10
4.46115e+10
4.47492e+10
4.48873e+10
4.50259e+10
4.51648e+10
4.53042e+10
4.54441e+10
4.55843e+10
4.5725e+10
4.58662e+10
4.60077e+10
4.61497e+10
4.62922e+10
4.6435e+10
4.65784e+10
4.67221e+10
4.68663e+10
4.7011e+10
