1200,391
128,34
2748,782
54,23
78,26
88,28
1021,269
143,47
75,28
355,119
1439,382
2820,738
137,39
367,88
42,13
1822,626
372,102
224,68
243,80
182,48
42,10
659,213
288,81
12,3
372,144
354,113
250,84
102,30
385,95
2186,605
314,113
29,9
1243,350
464,121
162,50
915,318
329,103
675,220
143,47
177,58
1099,265
1879,648
17,5
251,62
803,249
986,273
265,88
23,10
756,236
847,280
1130,292
6833,2371
7170,2559
218,72
372,86
8,3
247,69
863,233
312,109
2707,745
1457,385
362,102
372,138
273,84
454,123
1358,480
958,258
61,18
1316,434
81,32
15,9
360,137
407,90
416,124
187,51
4091,1173
83,20
707,256
284,82
262,78
292,92
363,94
345,94
148,41
452,144
156,31
1016,283
61,19
903,257
873,309
750,237
763,216
51,9
302,116
629,213
1092,291
50,17
9,6
597,197
385,100
528,181
168,41
362,98
945,260
663,174
743,201
46,16
108,31
1286,310
344,112
608,198
564,141
129,44
2822,752
66,17
226,51
475,134
1082,382
2210,599
935,279
585,182
917,239
282,97
2846,1011
179,42
2469,864
1134,305
3126,829
2400,645
296,95
817,215
5,2
192,59
1096,383
1179,402
908,315
1049,375
4854,1336
563,143
164,41
527,154
122,26
201,57
312,92
47,17
4912,1675
449,129
350,117
683,168
20,2
2821,784
1580,523
534,167
208,72
146,52
118,35
247,91
550,156
997,330
797,213
242,49
207,61
189,60
154,48
497,131
504,156
140,36
516,121
643,215
17,6
773,246
115,38
1068,302
237,63
88,16
436,150
756,170
93,25
2428,849
1316,380
2829,971
3810,1024
752,230
25,10
410,141
95,33
305,102
218,52
125,40
396,107
114,40
1018,353
297,70
606,164
605,164
3021,1065
242,75
73,23
48,23
43,13
586,137
89,30
894,251
365,89
246,67
156,41
230,87
508,160
185,48
1729,503
519,165
194,59
53,16
42,10
542,136
422,109
91,33
121,48
744,190
671,230
379,98
19,5
179,66
544,136
610,164
420,151
295,68
300,83
319,93
231,56
833,233
157,37
657,206
80,29
848,269
872,220
109,41
365,98
752,259
1310,468
665,172
422,132
2510,712
111,32
1714,482
621,181
86,22
28,5
1677,604
99,36
560,134
573,189
503,166
200,50
113,46
610,159
223,89
234,56
200,59
612,152
784,262
992,284
379,120
535,117
1280,345
108,38
3226,846
255,65
168,47
603,219
62,22
242,47
104,26
1649,427
158,48
104,31
23,7
402,110
96,31
230,78
643,173
544,161
298,83
838,273
2799,971
1982,580
890,246
223,75
312,78
490,131
999,284
189,58
556,190
332,103
2516,693
1397,373
97,30
206,58
571,197
571,171
1203,423
183,66
42,14
419,109
113,41
168,42
48,13
305,93
187,70
321,78
599,174
689,193
421,130
334,75
258,76
330,79
70,27
353,113
798,274
60,17
584,147
5657,1613
1051,380
2902,1008
349,113
36,8
183,42
135,48
648,200
659,222
1495,437
2964,825
64,27
355,104
1789,589
5056,1393
102,29
881,279
317,93
312,100
6,3
67,14
59,21
204,62
61,24
156,57
2074,545
843,281
486,110
59,23
85,26
619,186
163,43
362,81
869,286
483,177
535,175
1398,386
1762,624
734,208
15,10
279,87
312,107
172,48
2039,548
120,35
453,123
1172,345
2599,836
1002,274
1052,358
736,248
1761,489
184,51
469,121
1714,594
55,13
346,103
3364,1184
3155,879
174,50
258,73
2150,587
566,160
1964,691
693,178
819,312
370,98
501,152
37,10
247,50
966,286
9,4
1172,296
726,205
445,137
649,192
1097,276
563,115
184,46
342,107
1823,514
409,129
283,78
1083,392
1991,661
1681,559
197,65
177,52
36,14
410,149
777,222
287,104
287,69
279,98
102,24
952,274
3,3
1250,324
74,21
451,152
68,18
784,276
695,241
1292,370
969,260
902,330
226,51
125,32
419,102
261,72
1789,617
86,32
2084,575
491,160
220,69
188,51
335,115
5,2
57,14
25,9
837,291
515,163
74,28
162,58
770,259
259,97
380,104
184,68
528,199
124,46
118,37
560,158
456,150
431,111
352,120
1056,292
536,178
10,3
369,123
334,124
14,4
61,14
24,6
1184,428
371,136
250,88
42,12
407,102
4936,1362
207,72
363,91
63,13
326,104
198,45
166,51
437,114
409,101
70,28
88,28
1339,443
217,70
47,11
272,69
302,73
2997,1105
3308,874
1248,344
430,116
209,71
1548,421
16,5
171,58
94,31
2049,680
20,5
514,147
39,12
952,331
488,141
725,210
261,78
278,94
430,147
963,274
882,256
1360,429
46,10
46,20
235,55
2052,705
48,16
996,253
1651,588
33,10
471,166
1225,412
1835,585
594,216
239,52
1199,336
224,58
67,19
1306,441
1582,531
366,101
333,96
84,18
726,198
73,18
226,70
313,104
288,92
456,153
1949,651
242,85
228,74
315,69
156,51
100,33
149,46
29,14
121,30
5974,1715
758,247
5,2
39,11
314,70
1126,301
557,149
142,36
4642,1239
743,185
430,92
343,85
2148,787
1212,389
1011,258
355,112
1117,372
1166,341
103,31
128,51
690,221
613,207
582,191
981,300
24,11
221,65
413,105
49,18
734,258
228,50
72,18
163,51
1093,287
91,25
42,12
1133,394
97,27
682,238
34,9
4501,1251
1263,432
730,241
203,76
196,54
72,22
611,171
1415,362
3051,1071
3441,1169
1255,451
170,35
287,81
630,219
134,34
436,153
150,38
1736,587
243,90
15,5
1480,532
1012,341
1143,407
506,137
289,80
364,84
938,274
910,304
1009,251
1047,297
458,146
27,12
108,25
4485,1176
14,6
1458,386
812,300
412,118
117,38
826,271
98,29
95,25
157,31
312,113
342,108
674,192
1112,297
37,11
318,81
606,159
150,35
656,169
400,99
62,15
2237,611
604,162
175,60
475,168
394,127
396,118
481,138
543,171
1211,371
59,20
310,97
555,148
1931,679
90,22
236,68
249,72
253,67
20,6
302,83
223,64
3721,1242
262,101
235,77
153,33
434,119
15,3
760,273
328,94
869,271
1324,360
191,50
1676,469
228,70
374,105
2077,564
1100,305
74,28
1407,355
196,70
423,119
42,7
776,258
183,51
1832,640
125,34
283,81
711,201
509,136
248,65
256,95
1071,282
2360,625
1433,383
283,84
233,78
301,77
295,96
630,222
104,35
151,45
658,183
441,117
584,177
225,55
467,126
300,83
824,291
1334,350
28,10
41,14
181,63
347,116
103,43
883,313
628,214
434,116
798,268
106,34
364,81
932,264
479,148
265,89
149,38
4495,1197
307,112
371,116
215,75
533,145
158,43
63,9
1997,651
759,195
123,41
169,51
721,191
18,4
6696,1939
605,122
1012,357
79,24
113,26
1353,339
456,119
2869,998
758,213
63,22
758,250
14,8
1675,440
747,191
30,9
343,123
128,35
738,266
1017,290
1334,339
289,97
617,173
312,79
519,196
487,168
112,24
504,179
268,71
1387,363
431,132
12,3
1024,262
1434,501
238,71
904,325
483,171
55,17
153,54
690,172
1618,419
278,100
90,26
103,21
553,186
310,98
493,171
437,123
172,43
303,85
72,19
1169,292
1979,527
51,18
272,83
455,128
134,54
17,3
661,212
104,28
919,337
84,20
243,55
71,20
267,64
465,157
1337,350
504,188
412,112
505,123
536,177
483,169
28,5
788,241
196,75
188,62
1131,310
2337,654
132,47
179,51
260,59
613,212
19,6
158,45
128,29
716,238
566,189
21,6
250,89
372,125
1044,284
660,195
289,95
605,160
136,47
368,132
972,273
628,154
442,150
21,6
226,52
48,18
33,13
791,192
733,256
550,187
164,42
165,51
173,56
858,234
326,82
257,80
2130,593
13,5
1876,636
447,120
97,21
307,65
455,130
300,88
227,77
48,16
1253,334
192,74
74,24
99,24
1605,546
215,51
418,120
793,218
407,124
403,123
1229,337
13,4
232,63
4,2
366,94
403,139
573,145
418,120
479,120
1408,498
278,82
249,68
4769,1336
649,215
46,12
234,70
29,10
76,20
159,46
635,219
1080,279
665,223
171,51
142,48
1692,445
6413,2260
213,52
997,276
582,197
25,7
38,12
43,12
1127,402
181,53
190,48
1771,591
236,78
648,221
716,175
725,266
67,16
393,137
299,79
405,133
750,254
248,66
1725,582
135,38
1282,362
207,74
170,47
318,85
104,49
359,133
208,69
117,37
787,195
123,46
194,54
1134,396
1011,363
354,102
84,19
20,4
557,128
75,22
1349,473
26,5
154,58
582,178
829,287
177,49
58,17
777,274
1508,422
1250,318
119,33
2504,676
476,129
116,29
560,158
38,13
576,147
490,115
89,29
584,210
704,231
2885,814
1233,389
150,48
174,53
379,115
21,6
187,59
175,57
445,157
134,36
1380,378
3595,1230
1000,325
1414,402
1711,468
96,34
69,22
141,40
90,24
392,101
674,179
127,28
545,197
879,266
700,254
216,64
2003,697
544,136
77,20
221,54
598,138
212,55
41,12
289,81
268,90
1108,376
581,197
747,222
16,5
82,16
259,62
900,242
503,116
1213,425
348,119
1,1
703,242
29,12
74,17
848,259
1740,501
427,147
325,104
372,90
101,34
3028,1063
335,98
388,99
28,8
564,139
749,232
593,191
95,36
2870,804
205,53
317,97
347,133
25,10
39,10
1012,254
478,147
80,19
20,7
154,31
54,13
366,128
105,41
493,133
641,203
546,184
272,86
735,245
438,147
224,50
882,308
138,41
2109,757
167,46
9,4
383,98
237,72
303,117
1338,425
11,4
451,118
161,50
1030,335
21,6
241,81
389,102
379,118
3363,1163
315,105
555,186
314,69
822,223
941,299
110,40
613,161
111,28
1096,264
1808,605
426,109
697,205
44,14
288,111
218,66
9,2
1220,390
321,84
1600,442
8,3
418,112
409,136
929,311
72,28
15,7
441,127
214,61
401,102
226,69
1532,501
430,124
36,16
246,83
477,158
87,31
146,47
404,133
896,305
2182,591
606,160
451,115
56,18
8,2
371,97
193,51
206,63
968,290
234,80
369,119
35,9
69,23
221,44
371,94
244,84
152,59
219,67
413,141
310,74
349,97
25,9
745,264
35,14
1567,389
469,158
3369,960
58,18
524,170
336,113
393,101
732,189
926,314
37,8
129,36
288,91
162,36
185,81
391,108
430,124
307,110
1083,363
682,171
1081,299
317,109
1144,371
807,284
1427,365
2668,702
407,102
207,56
2995,821
254,59
1673,449
107,41
398,121
106,26
2801,751
316,80
312,82
95,25
1128,304
30,7
514,157
527,181
201,58
1041,272
236,87
158,49
140,31
398,115
1606,476
8,4
191,48
55,19
123,38
38,15
2,2
580,156
831,188
19,5
1315,363
80,18
383,139
79,24
3400,903
228,59
747,196
166,33
345,130
146,35
1518,401
1548,500
759,255
1374,387
577,209
1653,453
415,101
285,55
267,101
368,128
966,339
1231,351
226,45
593,165
747,191
214,74
721,227
447,170
750,174
22,8
690,258
13,3
13,3
29,11
471,166
14,6
248,79
216,77
32,10
163,47
21,8
163,41
91,25
650,150
909,295
7754,2219
422,112
250,77
310,86
283,101
159,44
636,208
1495,395
254,97
576,194
396,116
29,8
227,65
931,235
510,158
14,6
487,112
208,50
312,83
91,21
309,99
118,33
919,335
433,111
1922,533
263,65
131,30
1096,297
241,55
146,43
19,4
12,1
252,72
58,19
996,321
310,73
835,294
197,44
211,48
754,179
1639,567
57,19
250,79
1413,386
37,11
329,83
600,200
429,146
1294,405
34,13
11,3
101,24
29,7
1640,484
115,20
295,81
533,170
288,95
4952,1355
776,207
310,88
629,194
417,105
394,104
548,168
636,224
3568,1237
296,70
410,127
352,101
222,49
498,130
239,69
784,263
823,219
513,147
1553,525
314,102
507,166
112,43
278,62
495,164
207,59
111,35
133,43
128,47
60,18
352,102
441,108
578,157
685,187
66,19
140,37
292,98
456,144
670,164
62,17
178,38
66,15
106,26
77,22
4,3
236,64
3375,1192
306,116
1572,529
158,50
459,152
467,107
1315,454
4834,1344
140,34
297,74
714,229
695,225
467,173
300,78
1385,452
44,13
1284,424
2962,817
1208,320
8,4
1050,348
49,17
117,32
1419,462
321,101
876,236
352,116
315,75
343,107
1256,394
499,134
391,144
1206,401
345,86
297,105
262,93
604,153
159,30
114,37
71,17
2413,625
528,169
1417,467
10,3
42,10
1035,338
175,57
2637,938
2900,835
2499,881
1104,305
1426,406
1147,395
95,37
129,40
7,2
414,144
277,92
148,44
712,181
333,94
957,332
289,106
410,148
623,182
174,52
726,214
61,14
193,54
2607,888
951,291
94,24
922,304
8,2
634,224
109,46
137,44
314,99
378,114
502,182
1171,410
1156,306
67,15
188,45
52,9
113,43
515,120
1520,387
513,143
3162,818
1326,447
73,21
428,135
86,25
485,118
786,219
913,241
35,12
3667,1314
99,22
248,76
932,337
2759,927
56,23
459,153
4221,1442
623,188
675,212
138,45
243,79
1563,419
274,93
695,188
181,54
1198,360
201,72
525,140
3684,1028
530,158
83,28
68,20
2168,720
2826,940
44,14
3709,1264
108,35
674,212
683,227
80,30
547,184
647,202
54,17
292,112
370,112
236,66
702,167
1037,344
546,174
1074,387
1161,390
73,16
460,151
42,7
2610,735
1002,337
486,133
972,227
807,243
610,164
406,156
136,37
107,31
498,124
2354,800
1267,336
223,72
939,255
2842,793
508,161
685,177
73,18
2334,659
301,103
204,59
1603,432
606,177
1151,323
1030,288
1698,586
1859,646
98,41
1629,459
287,97
218,69
777,269
288,90
152,54
521,172
290,91
97,25
875,301
4,1
426,132
240,83
34,11
336,82
420,132
1773,461
88,33
1208,324
1907,582
616,158
1641,561
48,9
732,259
560,166
566,141
95,24
108,37
294,92
73,24
23,6
368,125
796,229
73,14
975,267
1006,350
1096,313
161,54
260,63
1366,361
2710,924
91,27
345,124
300,74
3522,1192
318,84
240,70
1525,506
74,30
1278,335
2118,777
499,155
1532,520
282,104
3020,821
190,63
271,91
318,111
46,20
366,126
105,39
11,5
808,224
165,39
302,105
95,32
1281,344
107,28
104,30
37,9
22,9
90,27
1556,381
998,303
335,83
26,10
776,273
878,227
468,147
235,82
62,12
185,69
753,264
89,31
2,2
104,25
133,52
99,29
362,134
60,15
928,242
401,108
3554,962
51,14
166,54
284,78
616,171
17,4
4,1
1291,453
198,72
993,261
202,52
266,71
152,39
466,154
301,60
146,37
327,83
555,130
463,151
2878,971
192,63
1199,323
267,98
947,248
958,353
193,62
255,74
67,15
354,121
747,189
1028,284
60,16
269,65
374,100
295,91
677,186
752,275
442,106
184,65
33,8
718,231
2614,691
1024,357
455,160
322,90
41,18
282,82
152,50
653,184
571,153
789,200
187,53
548,137
969,281
576,169
861,281
394,123
711,177
150,50
953,246
463,162
153,52
301,94
947,316
69,20
1214,311
58,17
680,225
60,17
19,5
237,91
820,282
97,34
429,106
2223,576
258,97
208,72
643,211
157,48
1555,421
522,121
217,80
1292,400
414,111
1538,546
3916,1364
813,271
25,5
339,94
308,115
2222,607
285,87
16,6
135,50
304,90
307,71
2162,610
158,36
948,236
63,22
447,132
178,65
312,74
81,31
2697,756
412,153
419,145
756,244
484,148
109,42
1923,631
692,234
269,95
130,30
329,119
224,59
155,43
695,237
970,244
1207,396
176,66
910,226
554,141
1444,414
794,256
288,90
1002,240
1908,509
368,118
165,50
112,26
555,170
2687,769
23,8
1399,480
898,232
742,240
142,51
1451,402
47,14
158,41
1319,435
260,63
826,295
624,221
1689,433
682,213
801,211
33,10
827,223
288,62
700,186
54,16
373,88
2568,684
48,14
195,65
102,30
485,160
906,320
829,292
1765,485
849,233
502,125
7318,2633
389,108
476,164
1799,498
34,9
1051,353
227,66
144,45
1184,325
183,57
309,75
1224,322
153,40
82,16
395,107
445,130
154,48
451,117
14,3
1653,435
185,59
354,99
80,28
453,167
750,217
66,17
1349,419
172,49
63,16
27,10
449,154
1480,479
1023,333
309,89
1299,430
1484,521
151,55
523,159
742,202
208,72
307,78
352,112
8,2
984,352
216,55
722,179
812,239
2888,810
339,116
290,90
657,180
366,114
808,196
883,304
110,29
218,55
190,43
79,18
614,164
1565,448
747,188
2266,664
244,73
68,22
1870,619
138,40
948,285
1492,370
92,29
49,15
1741,488
694,201
103,30
865,228
845,214
97,33
474,149
1755,608
159,40
598,158
3361,1164
195,44
778,217
192,71
2118,565
83,24
425,138
1435,469
37,12
1763,575
371,90
241,87
630,157
123,35
66,12
55,19
206,41
140,55
2928,806
399,93
5921,1670
453,137
321,102
1261,357
621,211
113,30
465,122
1951,661
477,149
377,95
627,227
615,187
133,32
243,78
1418,482
242,56
1778,611
232,77
517,179
20,7
514,162
1781,496
165,36
538,153
620,155
397,102
324,106
2255,768
772,272
1065,368
296,69
1567,431
1401,386
127,36
266,74
163,49
281,98
1113,314
30,8
525,180
470,141
177,63
9,2
212,46
293,90
11,3
606,167
400,151
275,75
81,34
2365,655
462,126
69,16
796,193
176,52
725,242
371,95
335,105
84,18
1280,405
269,75
115,38
97,27
3671,1297
796,263
350,116
1157,393
290,101
2596,722
1383,400
934,235
582,199
713,248
660,175
897,243
183,43
1075,342
847,283
2720,887
78,31
478,121
322,83
1680,445
803,201
1097,402
380,103
1680,579
906,254
1400,399
486,118
597,154
2000,551
533,185
382,114
737,190
514,142
3370,939
735,267
90,20
1850,504
371,117
523,163
1098,312
1933,531
589,140
107,42
342,116
80,26
94,28
1918,503
362,117
425,151
728,195
2613,918
214,67
69,25
930,299
146,31
19,5
6400,1782
924,264
657,242
230,78
320,77
238,79
259,78
134,50
577,144
1661,474
436,106
181,53
2825,955
326,106
715,220
1563,412
886,244
2,2
318,85
606,199
1448,478
1088,291
2377,649
572,185
128,27
460,108
781,270
235,73
762,265
3468,973
522,174
2575,701
900,281
111,24
12,6
593,207
405,119
312,105
658,215
63,25
112,26
33,7
281,58
1579,432
127,31
553,197
156,59
491,175
23,5
675,221
200,46
57,15
146,52
6716,1908
254,51
26,9
99,20
330,118
38,10
255,83
78,18
408,117
55,15
835,279
831,266
314,75
226,64
40,17
30,7
99,29
175,44
1103,361
415,132
248,53
205,66
407,98
314,101
138,36
632,219
1070,292
20,6
79,21
197,65
643,158
372,92
165,52
579,173
610,159
59,12
63,24
8,3
1754,496
128,48
67,21
141,46
63,15
66,26
114,33
255,70
208,78
1342,370
584,158
4035,1090
132,47
1643,456
252,73
2692,729
675,195
641,220
460,159
1796,625
77,20
1219,310
288,73
27,12
756,267
150,49
84,22
2623,927
738,242
275,94
67,25
560,181
316,80
3328,899
2803,807
494,119
893,309
425,112
1473,525
2411,651
455,107
210,78
700,236
120,29
2292,800
878,309
150,52
744,226
66,26
3204,895
71,25
29,10
283,96
24,9
363,113
2013,660
1108,306
2403,663
1593,451
201,52
788,278
1669,536
188,57
19,9
623,206
23,4
41,10
217,52
295,69
226,51
687,217
686,168
31,6
980,336
14,4
60,15
246,96
296,97
578,186
479,166
893,240
413,109
56,13
661,214
948,346
304,76
82,24
1605,562
525,162
369,125
6,0
361,118
324,116
6,3
8,2
898,278
8703,2444
144,43
299,95
213,69
495,194
76,21
2590,903
426,135
805,211
619,150
4,1
491,161
208,69
289,100
92,28
1345,442
974,337
285,98
93,25
55,16
1815,651
65,15
220,74
552,125
475,131
2180,582
346,110
160,45
267,97
44,13
114,34
1012,338
50,17
501,153
1150,300
198,73
2568,705
167,68
439,128
416,107
127,38
838,298
780,185
1245,409
2198,607
77,20
1045,345
1054,341
516,169
220,57
2314,648
249,86
222,73
2651,714
322,125
1692,557
194,58
405,111
1267,426
1034,341
748,221
866,211
101,31
180,48
1299,399
43,16
69,25
2026,713
357,113
1489,442
372,94
117,37
1952,506
1528,442
3006,1071
65,16
389,155
19,7
308,69
303,97
455,126
616,183
589,207
273,87
53,19
227,75
565,198
683,234
224,55
354,88
171,68
895,323
53,14
49,20
144,41
405,123
43,16
15,4
259,53
411,115
216,68
1296,362
272,73
219,64
888,287
528,153
283,91
271,71
341,120
86,32
452,125
961,262
117,30
1586,471
1555,432
185,50
29,9
173,59
94,37
166,47
676,192
96,31
532,134
167,48
483,110
510,153
1926,537
5,2
1315,430
28,5
33,10
330,129
569,142
905,310
210,77
201,45
217,62
479,106
29,10
4307,1535
52,28
1210,403
343,113
369,102
144,27
2362,643
126,29
1632,456
145,57
51,18
9,3
349,110
364,99
647,169
81,25
1627,573
150,49
162,46
1730,440
62,22
70,23
194,51
6282,1764
215,50
3378,930
598,157
80,27
443,123
459,163
536,164
1243,342
46,18
183,61
1019,278
119,34
3315,952
495,148
1679,439
84,13
489,129
513,136
102,24
344,117
1120,313
185,54
276,79
1166,409
795,257
499,121
986,322
1170,416
1333,341
14,3
223,71
787,208
956,254
764,220
89,25
193,61
1861,547
39,19
266,91
768,204
287,60
43,12
120,36
123,37
532,131
642,171
115,22
128,54
413,158
465,139
18,5
413,110
669,196
913,291
332,120
3049,1040
313,84
626,206
1689,586
33,16
2160,673
54,12
237,68
458,158
295,82
79,20
126,45
368,101
13,4
485,121
174,51
390,109
1576,542
1044,327
328,95
558,142
200,68
37,12
887,308
25,4
459,116
487,144
826,299
187,56
614,221
67,20
119,27
383,127
288,78
199,54
430,149
1205,326
207,56
1686,477
637,160
498,127
1466,515
149,48
124,35
1332,421
517,176
295,92
418,145
151,55
582,164
291,84
1257,358
585,201
259,64
67,19
200,62
217,65
200,68
395,86
243,92
265,91
15,6
77,26
2813,764
193,43
2014,534
443,148
1527,527
518,165
694,171
2306,636
466,106
823,225
278,79
53,14
575,180
490,143
408,131
248,99
988,238
363,118
281,66
908,264
69,19
212,52
55,18
65,18
164,52
184,63
457,120
62,23
450,137
150,45
154,53
321,88
508,137
1028,297
240,82
482,163
261,61
125,47
534,131
404,128
1156,411
18,7
1315,378
687,233
27,9
776,212
494,169
655,221
161,52
359,113
523,187
2451,809
145,54
386,122
126,43
354,94
316,102
148,37
25,6
170,45
481,136
55,12
6509,2356
223,56
300,64
897,303
852,267
380,121
197,62
2,2
98,27
61,21
179,45
3279,1113
85,26
828,237
379,108
586,143
529,114
4537,1278
626,163
350,99
15,9
120,40
125,39
539,143
133,43
950,302
2572,874
100,30
767,201
503,139
64,21
1158,386
91,26
133,48
602,156
587,164
1080,287
295,69
88,28
120,32
108,38
809,243
20,6
150,35
652,184
762,207
186,54
1695,576
3094,778
654,234
16,4
285,97
104,40
665,239
85,27
542,183
1377,405
421,136
557,149
20,5
1209,429
129,33
1032,381
1173,407
342,97
1507,397
550,131
845,298
23,6
17,4
2760,734
30,14
915,305
104,38
370,113
1661,583
270,68
856,290
466,168
363,116
2417,716
283,75
664,229
93,23
568,201
527,155
887,235
379,144
909,309
1729,471
1131,295
860,275
410,128
205,72
95,34
162,54
804,273
473,134
1336,369
436,112
193,50
3028,1025
274,64
841,306
1174,330
1605,469
200,52
226,70
1343,454
66,16
542,177
147,48
168,55
88,25
166,33
1057,267
47,11
303,88
169,60
425,123
400,141
80,17
40,13
2120,703
472,158
338,112
1257,333
148,40
979,349
637,163
1267,335
11,4
1036,284
653,175
222,80
938,262
129,47
285,81
83,27
9,4
179,47
351,101
10,3
707,201
2513,688
1251,438
676,235
510,142
271,85
180,60
1086,288
47,12
1074,401
130,42
395,134
1993,665
1503,513
894,232
26,5
267,87
74,25
454,146
140,46
947,286
177,40
3116,840
644,193
16,5
384,114
1420,491
247,79
437,102
503,148
134,49
236,63
677,180
93,30
180,62
243,65
951,250
2687,787
25,9
289,79
3044,1001
469,156
17,5
972,287
285,101
195,46
130,45
15,9
58,20
322,87
214,81
145,38
3459,1275
122,49
192,59
308,90
384,110
1025,355
101,30
49,16
34,8
533,131
317,68
1520,426
163,62
96,21
289,66
920,228
734,259
162,65
40,12
498,139
100,29
340,121
19,7
374,106
605,163
992,334
259,98
59,23
125,29
239,55
93,28
224,71
1100,287
113,37
335,95
630,149
210,61
18,2
522,159
203,74
456,160
615,168
2905,852
1146,380
853,233
282,89
361,108
186,42
1110,302
1205,407
1039,344
32,8
1371,460
307,94
536,144
61,22
1519,531
33,14
1122,368
767,212
531,145
443,111
1555,541
807,252
67,18
421,140
37,11
394,108
64,21
95,27
542,148
275,91
244,73
900,311
30,12
149,43
63,19
1130,319
1090,298
5411,1577
722,186
1035,281
338,80
174,50
53,15
1899,498
296,97
5,2
140,37
254,83
2074,596
487,140
208,48
13,3
169,63
235,54
3992,1124
1876,638
26,7
108,41
708,183
19,6
561,160
647,230
12,4
166,62
325,106
84,32
277,81
382,107
1993,578
237,86
63,21
275,71
94,19
531,77
335,90
1353,398
990,272
834,226
262,62
122,34
2376,691
292,77
888,244
735,242
13,3
361,89
781,204
1060,357
145,37
2273,783
386,131
262,82
13,5
329,104
224,77
115,36
609,194
461,158
965,265
94,26
1935,513
407,125
828,260
261,71
1006,263
399,92
501,165
209,44
64,14
1074,258
666,204
325,83
520,175
90,17
137,41
2839,965
817,218
110,29
274,85
30,4
2675,757
441,146
315,101
434,119
890,242
52,21
3274,887
1215,342
517,173
185,57
649,210
4230,1484
310,100
473,147
323,88
44,10
208,73
663,204
277,73
74,16
174,57
55,26
37,10
809,257
1776,493
122,44
45,13
354,101
139,42
262,90
370,121
451,146
990,277
1093,381
57,21
392,139
96,34
697,201
293,108
386,110
1233,337
1628,426
264,75
2213,747
435,87
588,183
9,6
40,11
898,286
915,242
348,118
1789,469
924,243
1174,341
267,86
275,63
428,137
1835,622
1964,502
530,166
233,86
548,191
587,156
65,21
82,19
1652,467
866,254
583,169
796,248
556,193
11,2
414,128
407,144
219,63
142,42
799,254
909,286
10,4
167,51
166,35
1218,335
146,31
129,34
313,91
502,126
339,85
418,100
312,106
25,5
61,16
2065,524
37,13
328,95
208,88
139,38
944,312
75,16
236,62
1297,355
540,137
114,31
2236,770
140,32
362,132
1107,356
450,113
715,181
22,6
6407,1777
630,211
725,180
139,48
333,92
66,21
237,85
418,102
2190,613
1145,373
30,10
310,74
2527,859
376,102
499,150
25,6
838,195
808,263
179,63
55,15
1085,369
529,136
419,116
67,25
231,57
11,5
45,16
283,78
225,76
418,117
3512,1175
15,2
11,2
658,165
268,74
871,302
9,2
473,147
355,90
29,12
857,240
2276,737
262,79
174,56
504,170
12,4
904,256
828,238
146,31
779,245
630,151
262,85
127,33
1491,420
930,311
268,78
353,82
115,36
883,253
216,52
357,117
291,72
1261,440
197,60
546,198
1431,394
969,270
338,104
1026,331
56,15
1539,373
2998,968
888,285
3616,1259
869,299
567,162
751,183
516,149
37,7
56,18
556,174
165,55
1126,298
340,114
475,133
210,78
509,162
1204,311
2636,711
794,217
38,10
185,46
161,58
318,113
48,18
640,186
2044,580
105,46
283,82
2645,823
3397,909
366,114
1105,308
477,120
4314,1184
601,158
585,176
212,68
1134,418
1595,443
109,38
3382,1165
1371,495
224,72
691,245
609,149
11,3
20,5
522,167
1443,424
276,71
43,8
384,122
286,74
770,280
99,33
59,13
1379,357
96,25
1341,461
449,105
45,10
287,69
547,180
158,54
1018,336
2250,676
117,43
158,47
395,98
865,231
1330,357
291,71
62,14
1000,253
70,31
530,127
24,8
16,5
213,52
1704,426
395,132
181,46
765,250
1,1
1437,524
448,133
268,67
177,46
422,105
1273,323
1573,539
115,41
351,95
853,289
3039,1085
131,44
77,16
1,1
401,102
191,54
625,201
232,79
917,318
727,191
816,188
175,40
94,29
251,84
2650,716
63,23
215,66
142,48
1971,576
2804,756
46,14
117,37
318,91
497,161
1132,307
1431,504
860,320
393,120
98,42
849,283
1191,408
689,230
49,11
232,89
105,31
499,135
8,2
406,142
2349,794
906,248
1396,385
118,39
147,52
80,23
373,126
258,70
1731,493
1113,302
173,30
33,8
126,32
91,37
1567,560
204,52
426,117
1369,472
674,231
2950,848
31,9
811,195
1239,445
184,64
444,160
1585,536
1680,437
332,93
1,1
452,114
114,41
8,4
921,333
1037,249
16,5
127,30
200,55
22,6
287,102
982,322
2148,575
1336,374
1447,433
44,8
390,96
31,9
1964,706
534,165
568,145
584,191
847,274
1082,376
906,305
94,24
131,31
496,154
5,3
1016,261
683,261
117,34
272,97
673,172
310,87
107,26
2765,792
144,38
185,60
297,101
415,121
216,81
455,151
342,95
661,212
141,44
4,2
537,161
91,22
27,8
346,99
890,295
1251,333
189,70
487,135
214,72
588,203
197,44
132,40
615,205
159,44
196,65
590,146
1078,283
1296,341
405,127
2175,609
102,33
511,154
183,48
3297,1129
108,46
665,187
1560,412
301,80
615,148
156,60
154,47
489,143
337,96
152,51
155,53
4113,1433
7082,2508
64,17
1470,382
221,51
512,127
530,140
45,15
492,162
176,46
253,68
1275,431
310,81
1193,307
871,297
693,261
217,63
350,79
203,66
502,157
469,164
206,74
239,68
416,137
243,85
1142,293
2143,562
1988,703
382,119
4001,1099
115,33
495,117
73,13
87,24
736,224
6,1
143,53
376,113
1268,457
240,72
150,53
309,92
266,77
20,3
255,60
779,232
445,104
10,5
297,86
163,34
457,124
144,55
469,157
1520,379
1277,336
26,7
1113,312
3083,846
1226,398
70,15
604,187
417,135
1459,374
1297,330
23,10
755,244
493,160
3668,1054
391,103
38,13
246,95
264,83
202,50
4738,1594
37,10
734,206
2307,618
1246,422
42,9
275,102
14,4
155,38
759,174
336,110
431,141
771,249
383,94
354,94
513,117
342,92
460,151
178,61
474,140
2303,800
187,50
117,41
7047,2578
554,146
735,248
528,134
70,18
438,174
428,102
200,61
2392,630
102,31
219,78
3112,999
7,4
995,352
276,89
230,65
329,75
1874,518
457,129
113,39
95,22
573,200
2377,855
726,193
947,309
30,11
621,201
480,147
411,142
235,71
329,101
228,65
2187,579
30,8
1874,655
14,5
1197,292
771,238
155,52
13,8
95,28
1934,535
500,134
326,93
1374,471
675,221
235,69
460,172
2398,645
640,217
1475,413
705,180
365,120
216,82
2302,741
7,2
602,141
133,44
825,282
563,145
95,33
657,202
17,4
325,83
742,241
844,238
31,7
172,42
2523,690
206,69
123,39
1666,459
610,199
219,77
16,5
426,134
453,161
1575,493
283,94
3110,1099
1234,326
36,9
94,32
490,169
820,275
3085,858
886,257
676,178
875,285
1104,391
1426,479
1403,499
624,216
1102,277
181,40
592,184
350,119
57,20
84,23
187,57
2166,594
741,189
373,75
939,292
479,156
279,97
13,4
472,152
701,224
637,197
123,42
683,232
202,55
26,7
1177,287
381,121
431,103
288,79
94,40
467,124
237,60
176,48
1778,620
434,162
55,15
211,68
999,331
990,306
1978,666
170,43
427,108
220,52
84,24
464,174
205,81
771,264
152,41
743,213
271,79
1072,284
82,31
919,310
554,183
345,87
57,19
919,244
796,253
240,77
418,119
663,236
465,147
630,215
165,43
1114,300
633,160
82,21
423,117
52,14
873,214
73,23
1831,520
77,21
51,11
243,73
114,30
153,45
1940,692
31,12
333,81
1421,458
102,29
434,134
346,101
205,63
252,79
420,137
140,37
491,112
4,3
61,16
49,11
739,226
210,48
124,30
192,55
1584,542
197,59
1061,288
1167,310
395,89
446,167
936,260
188,54
1459,405
245,53
608,196
466,147
42,8
2346,863
1128,403
1057,292
5633,1592
2476,803
2320,819
176,43
866,302
336,84
11,5
2062,521
5,3
119,24
499,93
646,225
1501,404
15,4
245,82
475,159
132,40
49,14
347,86
914,275
221,75
1229,395
191,63
139,46
61,14
150,44
441,116
29,10
24,8
69,16
145,41
525,188
250,80
990,338
188,48
983,330
652,179
505,156
1201,401
56,17
812,214
214,77
519,162
354,116
160,41
5,2
45,15
1556,510
575,201
250,86
217,58
22,8
706,198
136,29
784,248
709,208
567,136
316,82
1394,481
2969,732
284,89
1478,503
831,250
2498,646
60,18
36,8
132,28
606,196
347,100
236,84
1299,362
225,50
607,157
27,5
488,186
2034,727
1276,423
157,54
111,37
264,80
1778,611
116,31
862,296
426,135
419,112
4269,1485
1701,624
1832,503
108,31
282,80
143,40
273,85
28,10
566,153
388,107
72,23
362,134
86,24
1454,389
2701,729
226,78
14,1
310,117
329,77
281,59
175,58
1603,521
89,25
719,190
10,3
70,19
136,32
123,33
1185,303
2321,635
525,132
29,15
348,96
2724,952
215,78
524,193
158,48
377,136
308,107
309,94
1279,348
570,194
1323,337
107,25
32,9
181,61
257,75
85,20
178,40
1297,367
711,240
407,121
213,56
650,211
249,83
483,126
303,105
245,67
86,22
998,268
537,186
317,104
68,25
1036,278
34,15
713,208
949,338
283,65
1,1
364,118
1570,416
1765,441
188,47
664,213
557,191
593,160
999,330
462,162
291,56
229,71
459,176
591,151
136,49
222,78
223,52
132,28
783,190
10524,3720
3265,913
2,2
1983,512
805,269
12,6
384,125
540,183
912,216
157,56
191,68
238,68
1364,346
22,6
168,46
2958,1032
935,315
526,180
6,2
197,66
427,156
27,8
274,94
412,130
408,98
102,27
826,230
1759,591
82,16
322,109
879,232
491,154
89,26
566,183
29,8
921,271
597,204
59,18
1216,431
338,88
568,150
287,94
436,112
1496,480
781,267
492,127
1525,436
530,188
431,157
43,12
195,46
730,237
994,270
112,34
133,27
208,55
427,134
1541,424
568,186
1403,484
226,62
675,225
438,126
596,160
1224,329
369,90
1380,384
368,122
25,9
129,29
1295,444
1341,439
243,63
3155,1094
590,186
198,58
411,140
1750,604
1161,369
436,129
324,120
345,108
881,290
368,87
118,24
351,138
807,281
398,113
338,118
1346,429
80,27
180,64
87,23
739,231
96,31
1386,383
86,24
325,106
1313,446
118,28
281,75
97,18
171,56
666,177
267,71
839,280
55,25
706,246
951,273
56,18
247,58
158,43
46,7
3651,1046
694,184
3431,1128
32,11
289,81
1,1
395,98
560,143
262,81
806,204
1242,314
247,53
115,33
422,114
647,228
3,2
55,9
1288,425
1194,325
215,46
30,10
6330,1726
1559,543
310,103
341,89
290,100
233,90
1409,457
347,87
1518,488
785,203
1897,651
443,114
2196,558
98,30
1635,558
2469,834
1578,503
1712,406
398,162
115,36
2722,767
1101,280
366,133
173,49
198,42
1496,525
27,8
178,62
110,25
146,37
1925,520
152,46
339,116
1874,630
464,151
275,80
977,344
87,22
576,204
679,190
1549,447
601,225
371,128
54,21
1504,526
506,141
380,106
21,8
396,98
104,19
198,80
221,68
30,9
2133,599
148,46
264,66
3019,1057
1257,344
409,119
414,108
334,90
289,70
281,76
634,174
1039,351
815,225
140,44
846,229
34,6
1916,519
211,50
1019,356
72,21
7,1
78,24
356,106
869,214
367,149
139,41
456,112
161,34
371,127
499,155
1007,339
884,225
216,83
210,59
264,73
1273,343
140,41
503,138
921,267
94,32
2596,708
817,289
167,47
77,27
325,96
47,13
332,113
1564,444
363,122
115,40
323,102
168,46
307,85
3131,1082
1008,324
1801,582
132,47
369,102
327,77
270,76
337,98
378,111
1086,301
651,147
556,191
343,90
299,99
432,146
1563,555
744,248
669,184
473,165
73,15
176,60
73,23
1072,363
387,125
234,62
406,125
106,24
9,3
601,146
135,42
562,156
22,8
220,59
448,114
823,304
469,144
95,21
785,208
1246,325
234,83
139,49
541,179
424,112
716,194
182,56
1330,474
1,1
380,106
4562,1635
653,169
59,11
1174,336
2493,863
14,6
44,17
942,304
45,11
130,32
1963,705
358,102
303,72
470,157
181,64
430,141
192,47
3779,1081
521,136
170,54
201,49
1201,372
357,87
1269,344
75,16
90,19
1103,370
74,26
361,82
3096,866
2103,675
3687,1026
1541,407
85,25
363,84
1393,433
350,94
900,244
1058,376
357,111
435,145
170,66
126,41
139,57
513,136
74,21
585,158
351,111
1391,442
189,79
898,230
53,14
3215,1081
168,52
514,172
69,25
361,89
574,149
1887,623
138,49
538,179
769,268
348,83
2970,852
957,263
704,227
182,42
1389,470
401,148
102,35
423,123
254,84
133,41
153,41
58,19
2182,577
1424,349
189,56
782,245
207,85
980,259
102,29
180,46
319,100
1608,427
296,74
86,27
59,21
212,42
427,110
2103,625
63,15
931,253
560,159
646,182
219,71
391,116
222,57
445,116
146,51
328,109
510,137
41,15
1678,578
146,44
243,77
2130,727
134,29
91,34
196,48
3482,925
90,36
138,49
262,76
1321,350
217,75
11104,3216
1620,576
202,67
330,96
1714,479
227,55
971,323
987,326
359,118
17,5
2205,616
695,227
72,19
180,39
418,97
325,109
520,177
3057,812
213,70
428,110
128,37
705,207
331,88
452,123
9,3
536,185
93,22
406,104
143,56
42,18
363,79
196,52
500,152
366,88
253,79
221,84
121,39
346,96
581,155
138,39
172,63
45,11
90,27
717,239
293,99
16,7
155,38
301,84
487,114
94,34
312,107
276,95
24,2
463,165
874,254
366,110
13,4
364,103
524,176
429,142
387,94
1028,340
16,7
199,69
6,1
475,162
209,72
2104,539
72,19
11,2
525,186
527,164
22,6
114,32
348,122
811,210
171,59
350,96
987,246
91,27
2838,978
480,158
419,120
142,51
628,161
1324,339
2603,895
1281,455
1057,317
4001,1124
222,80
105,28
135,40
186,49
2523,862
225,70
50,14
213,60
118,37
3129,1067
89,31
106,37
1915,640
630,231
412,140
546,134
643,214
165,59
1137,316
874,296
1092,290
304,94
13,3
811,237
539,159
612,189
319,70
254,87
485,159
66,12
52,22
382,128
996,216
1283,336
857,286
208,47
254,88
83,22
134,43
312,108
665,219
637,180
302,104
135,40
35,13
636,168
856,267
476,124
750,209
59,8
49,9
1087,307
105,25
822,205
44,10
115,41
455,113
432,102
218,62
197,68
526,173
718,196
114,44
429,139
92,27
192,59
166,56
30,9
176,59
146,65
424,122
114,38
238,84
1625,443
592,215
760,187
79,24
3146,873
461,143
281,83
352,92
362,111
310,69
194,71
756,244
120,41
533,172
308,84
80,32
8,4
435,136
488,133
402,123
437,144
1292,442
234,78
55,20
292,79
72,17
928,275
117,35
850,231
28,10
1695,413
298,87
212,63
1815,486
32,10
329,109
122,29
381,103
45,18
631,201
1519,517
614,205
2085,574
339,110
212,71
357,92
159,53
52,21
1200,391
977,346
1599,413
59,22
100,43
2863,791
1108,310
229,54
148,33
4,2
352,87
1156,297
571,170
443,130
4123,1169
171,57
587,163
48,11
1023,298
643,161
221,65
1775,483
649,180
144,58
361,118
15,3
24,7
63,17
3118,859
1186,313
396,130
54,11
38,17
1121,403
299,92
1017,369
294,73
323,76
66,21
360,104
12,5
246,68
7,2
56,19
186,55
126,38
156,50
194,40
1451,409
3250,921
250,68
12,3
1139,373
133,48
74,28
1022,255
414,148
596,157
364,97
336,88
3,2
246,70
151,31
1584,534
408,110
794,265
980,355
67,29
682,193
272,98
1091,376
1218,429
246,91
274,83
91,28
695,193
189,49
26,7
1484,498
271,93
50,14
363,98
529,125
161,47
59,17
428,100
5,2
534,169
276,73
76,26
3233,956
331,97
961,322
1300,339
2983,1007
335,82
481,158
816,198
18,4
813,274
541,144
299,102
91,30
592,187
135,38
1326,339
103,39
194,48
34,6
1241,322
1114,271
2261,557
1166,314
407,136
418,123
577,162
2343,659
441,131
60,21
672,180
736,267
855,257
154,45
816,209
50,12
121,31
370,87
370,125
716,194
82,20
924,324
45,15
21,3
137,35
282,90
133,34
2930,780
658,219
155,44
462,165
2360,824
566,186
200,69
141,52
151,35
55,12
486,153
108,36
389,129
185,39
381,132
1478,515
973,334
365,93
412,102
101,31
1273,432
284,70
437,122
127,49
313,108
1674,477
485,125
28,6
110,27
4389,1449
1042,293
831,237
3408,956
281,81
324,98
384,129
383,102
224,75
1404,451
150,51
379,90
1056,313
348,102
655,226
3434,948
100,32
912,253
1453,408
1087,293
817,273
728,216
158,63
333,90
1861,662
1439,401
371,90
173,42
372,110
202,73
38,16
27,13
157,45
152,47
370,98
421,160
340,108
461,130
907,228
1584,563
1258,421
136,38
192,68
191,48
875,318
64,20
320,76
833,209
485,138
264,69
309,79
725,179
32,11
842,287
882,288
895,254
1965,539
451,130
393,142
839,289
225,56
357,114
2519,823
82,27
100,26
224,60
787,226
77,20
694,190
541,197
47,14
7,2
229,58
1524,399
300,81
723,219
1207,315
25,9
264,81
521,183
897,268
815,222
1431,496
3,1
703,156
91,30
912,290
535,149
492,126
212,59
27,12
2583,912
2186,595
178,59
514,149
797,280
46,11
331,82
948,267
491,149
706,204
452,140
3623,1017
77,23
187,60
327,84
1244,412
502,171
434,122
260,73
120,42
204,81
960,352
1828,598
315,77
1140,339
276,93
598,142
56,13
316,103
2042,583
2553,853
885,242
34,8
92,25
97,39
179,44
959,269
155,36
785,221
605,149
486,131
45,12
115,33
107,24
26,5
87,22
2560,694
481,142
333,87
632,167
384,114
684,230
285,106
3,2
50,17
702,189
579,208
45,12
519,147
23,4
759,247
1094,353
640,204
56,17
1411,423
1448,378
1373,480
1692,600
582,148
109,47
32,8
1786,482
387,103
121,37
724,176
298,106
522,159
13,6
2279,643
114,38
952,296
347,94
139,39
20,5
2662,707
1370,454
184,60
1767,482
3620,1234
563,193
2457,676
60,24
446,119
103,28
106,38
519,163
469,132
45,10
756,207
1421,493
136,39
199,69
190,47
578,131
269,104
85,19
1636,462
1352,381
1097,363
60,20
549,176
413,144
201,41
380,98
158,46
1206,391
316,76
822,217
241,82
931,317
1142,375
204,46
40,8
95,22
494,127
509,135
3504,1263
1426,473
585,141
177,47
67,25
410,138
3179,1051
465,156
192,72
444,125
90,30
1997,519
33,14
1056,258
2645,863
1021,328
982,283
428,147
143,32
284,94
293,87
147,46
657,223
822,290
994,330
220,71
188,58
597,153
498,176
739,203
386,91
495,132
2153,707
22,8
549,139
1300,435
1337,394
280,102
786,269
747,198
363,90
525,129
111,22
398,94
32,11
1141,315
1054,285
1767,605
466,170
815,279
231,68
1083,280
833,225
1031,296
1682,576
743,213
1837,448
36,11
838,211
435,106
536,165
164,49
20,6
94,29
63,20
2885,834
453,122
121,25
2631,743
1337,456
1114,392
526,166
228,68
189,64
33,8
90,18
35,9
54,11
252,63
7,5
743,231
1155,319
807,180
74,26
452,151
1076,309
28,9
526,177
379,84
392,121
644,224
610,179
20,4
186,66
878,234
273,65
136,43
464,181
103,36
27,11
333,93
128,40
80,26
166,49
108,21
1299,353
397,126
99,18
56,19
120,32
932,254
102,32
1303,453
452,108
191,34
296,89
272,70
411,134
9,2
725,250
1657,565
2507,883
3917,1153
287,82
503,145
1170,265
106,44
223,65
1441,471
613,156
236,60
435,135
2311,623
603,205
622,172
32,5
388,104
139,38
51,18
203,65
535,142
872,230
794,233
2,1
546,143
539,171
346,122
330,113
44,11
1140,401
690,196
2124,586
37,10
1867,631
388,121
618,219
228,74
14,3
392,102
1772,594
543,208
807,200
492,158
695,238
507,172
104,29
870,280
360,95
40,7
6,1
263,76
1062,264
3355,1170
1987,646
1063,260
3124,896
2500,863
67,16
1200,376
163,40
702,196
246,79
1446,413
1699,439
12,5
862,306
278,76
632,202
487,138
47,18
549,153
88,19
2206,786
298,72
289,64
1037,314
77,19
91,31
374,142
22,3
41,11
12,2
710,255
395,106
650,229
983,268
29,6
335,98
482,121
839,249
1850,646
72,20
340,112
540,169
152,47
453,128
19,3
240,71
556,186
2440,874
1131,325
1157,390
16,6
1171,280
739,179
298,78
217,79
316,89
303,84
564,183
449,120
24,10
266,99
21,10
23,7
417,120
343,120
63,20
1677,436
15,3
234,63
447,131
722,198
74,20
184,50
1004,272
3117,865
49,15
381,132
378,126
635,168
492,116
290,93
50,20
700,227
709,193
72,19
192,48
209,61
192,53
900,266
594,166
71,25
1355,364
3030,841
257,88
430,121
196,58
231,67
101,38
108,33
1427,367
163,54
264,60
990,335
176,50
74,24
3789,1309
6,2
970,327
1044,336
1091,305
106,21
3401,1168
1204,334
568,200
29,8
496,168
178,53
59,18
251,76
681,199
323,84
29,5
1806,585
2355,825
1966,635
164,39
2082,593
91,21
511,166
4298,1207
29,8
210,46
983,259
557,160
108,28
329,107
154,55
1028,353
301,111
45,18
42,11
505,122
703,227
338,97
3219,924
17,6
139,37
301,85
2794,984
135,54
121,37
593,135
2418,675
1334,427
106,34
2865,818
571,211
2023,584
34,7
1172,311
1030,277
1791,488
190,46
796,271
83,26
98,23
434,146
411,99
325,101
255,55
65,18
1055,347
655,178
600,207
2066,556
672,218
146,40
103,32
36,8
150,49
100,26
237,85
155,42
131,36
800,216
2719,956
114,31
827,283
1045,356
363,81
24,6
405,145
310,85
406,134
1707,576
15,3
1512,436
176,54
347,108
654,196
278,85
361,105
194,72
411,138
634,198
1035,276
136,40
399,90
175,71
76,18
231,61
6336,1790
135,35
18,6
58,15
6,4
834,206
327,119
211,63
59,17
54,22
176,56
1011,331
257,60
569,199
801,268
951,327
128,29
92,18
522,130
638,224
1172,315
1026,348
219,73
489,144
278,74
1677,515
69,11
99,26
23,9
1157,302
1122,330
1544,520
209,58
890,243
60,18
1163,290
203,56
1556,425
73,29
152,42
824,301
427,147
18,5
85,17
161,37
38,14
994,338
5818,1656
150,40
1897,520
163,52
55,14
35,8
42,15
231,68
166,55
37,11
182,54
104,33
3587,1034
102,39
590,209
423,111
92,26
2075,717
630,166
1417,498
381,104
41,13
87,25
132,44
333,94
317,105
672,244
53,19
366,92
549,155
47,8
105,29
2508,900
1348,367
1903,628
324,88
796,208
3393,975
1990,694
1783,521
249,80
83,31
299,80
324,108
125,42
25,5
454,123
54,20
209,51
444,111
1781,475
1001,253
577,158
685,229
156,44
2229,755
210,69
333,85
378,89
499,158
181,38
533,172
135,43
1007,324
145,34
1440,395
228,72
401,85
71,14
1106,392
1079,372
14,6
3737,1068
372,101
18,5
225,61
128,38
709,247
332,86
471,152
753,257
316,110
458,147
108,32
21,9
289,73
107,33
67,23
436,86
504,145
295,67
902,294
1564,378
12,5
698,181
231,73
876,259
373,95
1097,341
945,247
603,195
114,25
59,13
1181,349
79,22
99,30
201,53
253,63
551,179
861,245
400,124
14,6
499,132
285,92
99,31
229,74
505,165
632,157
47,13
6,3
62,24
826,277
1113,289
163,47
294,88
1053,274
2649,704
679,216
588,185
1151,312
200,45
521,149
594,200
1459,409
1855,527
1515,538
25,8
415,113
17,5
1194,328
227,68
400,134
433,147
520,174
15,4
798,215
157,60
2120,637
62,22
1054,262
404,98
150,49
471,154
577,183
100,25
915,257
336,89
17,6
75,28
76,24
791,260
689,209
241,66
252,78
57,20
190,40
320,93
1024,366
104,30
1339,447
623,189
133,39
1016,352
279,62
535,200
615,207
454,126
2200,591
1289,348
238,71
1120,380
267,94
373,136
835,235
86,20
363,133
114,43
147,42
720,197
503,174
70,20
589,159
804,215
51,15
1213,352
217,63
876,255
23,7
1160,376
30,11
27,10
476,149
829,223
219,51
431,140
67,16
230,61
734,217
1406,499
95,29
2721,930
135,36
33,10
12,3
3407,933
119,28
214,58
438,118
1905,700
3499,997
2535,700
668,183
94,29
1760,574
2136,576
70,25
646,216
1023,326
167,51
1016,253
61,14
69,21
1268,372
45,10
279,94
745,237
657,227
347,98
340,120
152,46
199,68
891,254
527,184
224,80
463,142
167,46
224,71
226,75
192,62
647,157
1171,355
4897,1747
677,180
2440,836
129,34
496,158
22,8
155,35
42,9
556,147
773,226
83,21
28,10
338,108
205,53
354,85
479,128
524,171
233,66
124,28
202,66
764,248
412,138
376,123
907,263
293,89
179,48
20,3
681,195
6,3
1251,346
684,198
12,5
412,129
1480,380
1033,258
2249,689
1020,342
2071,733
274,82
414,116
2267,798
1158,353
112,23
167,49
345,90
37,13
763,208
155,46
190,54
252,77
534,148
96,32
200,79
624,148
6244,1797
75,19
627,209
635,170
2181,729
1092,316
51,13
973,269
846,218
131,27
658,215
163,52
96,36
1494,501
488,113
34,8
936,262
1378,426
763,202
187,70
1198,325
19,12
1132,301
446,151
208,71
85,23
99,29
141,32
208,55
358,94
645,195
4519,1220
448,125
351,96
207,74
1497,532
826,266
435,116
1127,393
96,24
76,19
111,41
585,152
13,3
50,8
148,56
149,61
1842,595
2448,861
674,161
970,333
1202,434
1548,444
53,14
893,300
2557,686
471,155
2292,706
371,101
1612,448
1491,415
125,33
687,167
240,57
591,203
98,32
154,49
756,266
527,125
135,38
20,9
4978,1394
87,27
157,56
370,104
385,114
31,12
184,55
598,147
712,189
121,33
244,61
67,17
2222,606
131,45
207,62
1302,441
641,188
1549,555
490,121
196,81
1740,623
4164,1153
1033,295
5638,1930
80,24
2299,626
873,273
3437,1162
65,14
260,77
627,167
2038,672
356,92
1854,627
432,138
288,92
565,191
75,24
1228,431
375,113
384,93
122,44
661,199
369,102
403,143
286,101
5306,1832
795,237
427,111
73,24
1467,368
716,188
1049,351
384,106
318,107
208,50
5,2
1324,375
94,22
4779,1316
368,136
39,15
1096,284
32,6
77,25
656,219
304,85
10,4
15,6
808,199
142,40
4,0
388,119
377,106
833,220
206,53
281,66
1392,407
78,26
200,60
338,122
9113,2499
1666,464
215,60
157,45
183,44
46,14
388,102
110,29
519,157
109,24
736,235
208,68
498,145
215,78
198,52
93,24
954,312
2159,762
1582,396
2423,703
4556,1499
965,310
286,89
44,9
2585,864
1445,525
82,22
508,136
65,16
568,137
1349,384
1404,397
304,83
778,262
87,23
152,52
1070,386
527,165
307,105
142,45
57,17
49,18
286,94
562,140
115,44
520,140
46,12
46,12
601,186
269,91
135,33
306,78
854,257
619,197
257,73
984,264
231,70
449,129
702,204
57,21
320,105
321,70
1673,568
100,30
307,111
4132,1465
2327,783
1691,454
286,104
80,29
543,178
1,1
327,115
11,3
4526,1245
385,94
193,65
210,45
1395,399
114,25
456,127
57,23
511,117
1403,376
1287,358
342,81
23,6
2992,1005
330,79
808,216
648,222
728,222
42,9
216,55
234,54
1194,327
465,123
19,7
72,19
1639,438
87,37
249,68
326,108
406,147
225,65
44,12
449,103
330,116
64,18
1559,389
3965,1098
6577,1791
28,12
1223,327
1,1
196,44
682,168
390,126
229,84
310,98
225,63
32,15
288,65
516,186
1592,443
685,201
182,51
179,56
115,42
58,17
587,182
17,2
107,30
160,64
110,38
326,97
50,11
65,19
180,65
1059,343
488,170
63,15
191,45
324,75
27,12
59,20
199,72
934,315
232,75
84,22
880,245
405,135
1086,278
698,216
4,3
241,57
1218,412
128,41
582,162
167,54
343,114
931,242
271,82
295,81
376,105
367,82
330,109
537,151
374,93
1005,245
1011,266
381,130
1385,349
328,114
340,89
556,181
584,149
103,33
1739,487
1162,292
499,144
138,42
924,323
96,30
227,69
1295,455
540,154
445,131
202,54
323,87
162,53
8,2
2248,775
123,31
445,153
829,217
1503,510
17,5
29,11
526,183
27,8
213,62
241,69
361,108
58,19
92,28
511,140
205,69
435,130
988,261
719,225
717,219
362,92
68,19
807,261
964,282
765,255
1079,282
839,239
507,149
566,178
181,55
643,176
760,215
434,154
580,169
1078,308
594,193
1016,331
16,6
146,55
192,56
4211,1463
3995,1112
700,255
238,77
296,72
352,116
94,34
591,187
11,5
101,32
394,118
1072,360
569,185
156,42
323,119
332,68
1354,358
3,1
42,13
95,20
179,52
741,253
401,88
322,89
632,218
883,253
120,37
125,37
598,140
800,225
419,104
213,66
196,33
2480,716
667,191
199,51
732,178
19,5
944,305
440,111
1103,381
31,13
166,51
47,13
2087,737
119,37
134,51
667,168
1357,366
14,4
177,40
144,38
46,12
2329,680
2224,631
185,67
149,48
358,131
2004,588
238,80
266,95
39,13
285,98
104,37
11,4
943,275
675,179
2,2
151,39
3606,1247
1881,626
2238,765
172,56
369,137
167,44
21,6
602,196
923,230
797,209
89,23
88,20
669,240
120,22
23,10
379,139
527,132
572,190
622,168
922,298
86,24
1549,536
526,133
88,22
407,112
488,125
88,17
1555,506
400,101
438,140
41,13
422,145
407,94
397,141
108,29
266,83
97,26
269,75
570,153
148,52
460,157
385,99
1761,469
237,68
358,117
545,146
135,38
110,35
6,3
44,15
701,182
256,73
1347,450
69,13
874,305
751,240
1228,306
1394,358
14,5
544,147
106,20
461,158
604,229
16,5
37,6
66,22
909,295
50,10
130,44
151,41
652,203
309,88
497,136
1437,384
3958,1092
1657,434
166,59
1879,492
39,16
64,15
914,310
155,35
131,27
609,163
644,212
6,3
776,213
38,12
71,27
1676,440
554,184
1,1
72,15
28,12
3265,907
422,148
1437,380
14,9
1367,365
424,141
77,21
312,106
1462,388
267,67
196,46
2401,671
267,93
575,138
330,97
255,63
453,125
11,3
440,162
38,12
473,138
774,206
1166,416
717,271
2054,551
742,227
397,115
678,253
35,6
6131,1606
332,116
72,25
2380,853
144,43
467,116
175,51
92,30
2191,624
101,29
24,7
74,22
1433,497
106,28
697,169
40,15
168,62
300,87
83,20
25,8
977,270
281,80
109,27
92,24
569,133
1037,234
751,182
512,144
73,25
101,24
390,104
558,192
425,98
135,29
706,173
3621,1316
68,33
109,33
1038,267
802,217
210,73
83,22
61,29
70,29
174,59
1579,523
100,25
441,155
265,65
521,135
5764,1665
194,67
92,28
640,234
502,176
221,60
8,4
1924,532
3011,830
284,98
87,23
1123,381
460,151
549,180
1382,474
480,170
806,185
304,74
48,13
1220,301
72,19
247,58
2206,605
72,30
231,69
61,21
416,119
2682,785
89,30
249,79
90,27
88,18
2382,654
28,7
410,137
61,10
132,25
58,23
712,248
277,92
164,55
1657,578
50,15
173,62
14,3
35,11
193,46
741,227
758,257
204,55
2854,932
550,138
159,47
63,15
763,263
12,6
1649,487
1121,314
44,17
13,3
914,295
109,25
266,73
143,45
179,72
164,42
55,18
137,42
74,20
88,31
55,23
1258,450
238,68
450,165
851,231
39,17
251,88
167,49
318,109
1143,328
1860,609
1044,299
23,8
58,18
542,142
769,196
283,82
1,1
89,24
221,58
220,58
164,47
54,12
408,137
870,315
604,175
1150,302
33,12
1042,363
191,56
160,54
646,190
30,5
346,126
646,193
10,2
268,70
2390,835
356,101
742,198
327,90
3291,914
938,319
1149,306
1394,489
5768,1581
126,32
1304,456
240,64
317,110
713,202
181,45
241,65
294,88
361,107
146,49
36,12
262,64
100,27
843,233
187,49
23,10
54,16
1490,423
28,8
2,1
135,32
46,9
102,40
514,137
1289,330
315,72
55,19
165,53
76,17
2229,766
128,49
246,72
1095,320
354,92
201,64
25,4
353,111
91,32
71,24
322,67
1339,351
858,275
3783,1331
2759,773
401,135
4998,1721
3,2
260,75
3733,1062
38,16
3550,1020
34,14
2349,768
1294,356
148,42
1183,308
840,206
35,14
303,66
548,187
714,189
100,30
339,96
1047,365
149,56
672,170
391,111
472,118
480,142
66,21
179,53
2123,749
123,41
267,78
667,166
309,102
678,187
559,179
162,58
38,16
35,10
61,27
129,42
187,57
95,32
191,59
1948,662
1005,286
116,34
236,75
172,52
165,57
787,207
351,94
894,307
101,36
47,16
297,103
30,11
281,102
174,41
325,75
151,51
86,23
169,46
747,257
347,86
344,101
145,42
435,152
203,45
408,99
1580,526
532,177
1277,347
625,173
1786,577
106,30
252,68
584,161
159,59
1030,233
174,44
1067,340
211,95
614,166
442,154
1562,394
2168,755
107,31
115,37
2291,692
374,122
141,51
838,202
469,121
170,58
1640,452
165,39
281,84
120,29
4,3
69,18
279,93
3738,1045
100,31
233,69
86,19
148,49
112,33
510,136
502,157
2238,804
157,48
181,53
165,55
1051,295
446,162
258,73
266,88
111,36
480,124
72,33
171,55
273,69
805,197
6115,1755
115,35
94,30
247,59
8,2
813,308
363,124
2201,748
18,7
182,48
1431,392
1389,390
2784,976
152,46
44,12
232,49
419,129
921,305
273,89
763,198
74,26
72,32
88,29
413,126
460,134
449,157
707,199
618,156
2812,771
693,190
365,101
124,32
245,71
189,60
115,30
1256,345
1816,586
691,228
375,111
49,25
712,256
4043,1153
360,94
104,36
1681,554
157,57
311,60
7150,2509
1315,339
1035,346
668,248
961,316
852,275
196,53
495,144
529,144
64,21
1154,344
370,105
249,51
1415,384
2479,632
5,1
133,29
581,182
22,6
119,40
1006,324
748,258
128,34
216,63
2118,599
314,85
902,247
457,159
225,60
58,18
75,18
1111,369
402,111
788,274
4,1
187,52
1409,390
160,59
336,103
3344,1133
661,215
244,87
352,91
83,28
211,69
124,37
867,290
59,15
432,116
428,145
265,90
354,99
2275,628
153,49
257,84
295,86
990,268
6,2
65,15
530,146
1221,415
459,131
568,182
966,313
351,89
11,2
6,2
1017,271
3404,1184
568,204
397,139
182,46
53,15
775,244
758,267
281,114
41,18
37,7
189,63
319,103
285,86
277,97
32,8
44,17
2537,667
211,53
290,80
1056,358
4635,1256
273,70
165,46
1096,314
354,93
316,113
2380,679
698,171
579,160
1339,482
586,168
151,46
1616,441
736,204
599,146
421,137
198,73
262,75
21,8
219,58
931,335
843,290
46,27
6004,1650
156,36
165,35
384,130
372,125
843,223
932,306
120,33
31,10
170,47
339,84
431,98
1112,285
7044,2505
289,109
278,68
707,232
660,206
395,146
30,8
4771,1283
949,254
112,34
523,190
136,40
566,212
1764,598
273,89
20,6
36,11
857,215
589,205
6,1
917,251
1010,263
512,141
156,48
139,52
1426,469
975,327
120,40
171,66
735,239
753,247
1439,398
4941,1748
625,157
593,193
1229,333
51,11
727,252
370,123
753,194
94,25
426,110
28,5
66,22
2022,724
76,17
62,22
6,2
22,6
647,165
334,112
1199,388
257,83
199,74
292,70
1166,299
306,92
97,19
1266,420
4149,1468
171,42
582,199
2714,747
1842,652
434,108
2739,734
312,85
15,3
1179,399
130,32
2102,581
529,181
158,43
42,14
1197,416
114,26
415,146
7,2
282,102
92,35
615,169
468,129
230,56
132,57
376,114
2752,980
165,45
198,62
75,25
136,49
159,56
1610,401
153,49
1137,327
6892,2395
3482,960
1216,421
64,22
96,24
348,94
1674,449
388,91
24,6
160,38
674,174
1879,628
190,60
1033,367
95,26
1612,438
152,50
278,75
1028,231
53,18
186,44
864,235
245,71
371,121
147,33
155,49
69,21
471,157
135,52
98,31
408,134
77,15
25,5
321,100
333,108
366,141
9,3
796,209
1010,261
852,226
1326,339
3533,1218
3789,1061
1346,370
124,47
166,44
18,6
281,88
542,136
531,157
117,40
916,271
1254,446
1406,504
88,29
156,53
446,114
1019,336
3968,1075
749,175
330,94
375,97
1863,501
35,11
475,117
3086,791
356,81
141,40
610,193
2109,595
470,136
260,83
239,52
1624,439
598,161
450,128
458,154
499,135
398,104
463,106
1307,367
26,5
75,21
370,123
539,189
409,148
596,199
824,187
211,82
610,164
11,3
291,92
892,221
99,40
103,38
333,96
188,57
928,255
449,126
1918,638
1,1
1565,443
200,55
160,60
265,90
4,1
13,5
13,6
1177,385
287,73
60,15
270,61
305,108
751,250
1117,299
690,182
28,11
4,2
347,86
298,62
129,41
337,91
76,18
90,31
410,107
1228,421
135,42
475,136
796,209
838,288
456,158
150,48
1196,354
61,20
913,225
502,136
1278,318
288,89
1162,406
814,269
1457,388
1044,342
91,20
1452,401
88,21
161,42
385,93
173,57
198,64
139,41
516,158
980,262
946,320
436,150
344,94
947,256
35,12
2172,743
582,172
334,112
814,202
279,91
534,154
363,114
413,139
129,34
673,167
904,285
465,151
17,5
567,167
619,147
132,30
56,19
861,296
265,69
152,38
38,8
109,29
723,193
105,31
3294,1109
354,94
1108,325
1102,272
818,279
957,247
384,132
517,168
725,205
160,48
403,149
1106,319
111,32
1540,534
109,37
635,178
219,69
39,14
274,73
423,128
60,21
267,90
1314,460
218,67
648,195
227,73
429,124
419,139
256,86
133,40
293,102
980,337
1058,343
1410,368
205,62
181,64
387,117
611,184
1065,305
2042,552
1038,380
332,119
92,28
658,233
218,80
457,142
209,77
88,25
132,50
66,18
1085,378
51,14
608,173
52,19
693,206
1588,452
449,143
55,11
2598,909
243,81
592,202
82,26
1237,421
4055,1114
874,292
85,26
19,5
54,16
347,104
2023,666
352,103
608,155
210,67
654,169
81,17
426,140
85,17
62,20
42,11
314,75
487,136
673,186
1078,355
468,156
430,156
102,28
135,29
121,32
1166,324
3070,804
28,11
173,63
279,96
128,34
147,40
364,139
668,182
850,256
378,88
81,28
62,18
485,153
732,236
465,111
475,108
338,107
2732,916
20,7
27,6
4169,1138
233,82
139,43
288,68
173,48
850,303
141,45
379,105
1457,498
3174,1086
334,132
518,185
3175,831
78,23
127,46
214,55
342,83
118,38
153,41
199,55
713,174
1471,451
12752,3652
799,268
7,3
134,46
131,42
492,143
1580,446
11,3
88,25
1867,612
792,192
278,75
579,145
214,47
78,24
707,178
342,84
1109,327
1585,532
189,54
1298,348
2146,591
179,64
285,82
1373,365
672,189
260,88
234,71
1112,359
391,122
990,258
977,217
20,8
1262,360
190,70
441,137
1397,370
14,7
15,5
988,258
76,22
29,8
427,103
2470,697
440,111
46,14
244,63
17,8
69,32
129,38
335,105
1093,375
272,92
64,24
1104,352
216,70
675,205
652,233
79,23
268,90
1385,459
147,42
53,15
1052,301
257,68
4800,1343
23,4
54,16
1,1
884,235
574,180
2175,598
956,270
609,207
9,3
623,206
437,167
52,21
202,57
1909,660
791,288
67,13
44,16
127,45
204,68
128,39
864,238
199,61
249,69
834,259
248,71
131,43
1209,394
910,322
135,56
332,111
695,193
2684,886
67,24
505,152
119,37
377,128
126,40
654,182
538,116
97,39
63,20
163,42
712,232
1683,566
184,56
128,47
503,180
132,51
168,35
4,2
363,89
1095,301
293,96
121,28
611,203
2506,854
388,132
139,34
1633,539
858,293
1085,299
302,82
151,35
2925,790
834,271
1970,672
138,50
55,15
327,77
2951,816
1888,626
372,86
637,165
2357,837
74,24
509,159
1922,515
453,152
128,31
340,86
1234,335
6032,2134
771,182
339,114
697,163
382,94
228,74
399,124
488,140
683,230
332,92
336,94
311,98
684,184
771,254
142,39
2538,910
77,33
90,29
165,48
43,15
576,152
167,58
2021,674
128,34
323,103
441,120
243,52
1755,595
124,31
330,112
327,76
815,268
92,20
462,171
54,12
154,52
1872,628
516,157
362,97
1590,457
701,201
134,29
1224,335
364,82
53,14
213,61
555,163
396,102
482,128
572,151
1184,344
353,102
47,22
678,185
228,51
1033,340
380,132
518,158
895,253
269,95
1616,411
531,145
608,171
587,155
300,72
522,134
125,25
1169,389
305,84
147,37
1551,521
722,243
88,21
864,229
940,317
77,18
308,110
793,263
83,25
847,210
1009,327
256,65
768,260
152,37
98,33
507,120
386,135
89,23
494,160
226,80
1323,366
367,117
39,10
32,11
216,63
248,94
427,145
216,85
349,90
395,106
324,80
236,62
61,25
679,185
132,25
1209,395
214,48
1155,329
128,35
479,137
519,123
679,248
625,160
75,19
1007,310
83,30
189,51
628,171
426,113
161,55
2090,594
238,52
2300,803
126,33
204,69
94,18
333,90
260,75
273,60
178,40
470,162
258,65
351,111
106,27
24,7
959,334
658,187
649,226
90,29
205,64
1019,274
175,67
1415,482
607,179
1327,351
617,195
2202,756
572,182
218,58
728,223
247,69
336,95
215,70
313,79
163,41
474,132
22,6
1213,426
640,216
18,9
370,121
330,103
80,28
262,90
207,71
266,72
1245,343
2053,571
101,36
37,13
356,104
497,176
61,14
63,14
291,68
882,260
3726,1011
952,261
153,43
1445,383
69,30
166,58
1845,486
181,59
313,108
129,40
138,39
1572,452
61,20
72,20
257,94
33,11
192,58
1011,324
747,188
1921,686
143,61
2803,769
153,36
1138,341
1049,341
702,194
477,129
901,306
504,178
27,7
1100,379
1034,359
531,148
1218,334
535,192
354,91
104,29
661,166
2616,722
711,259
702,243
392,121
49,16
220,65
3185,1056
438,115
1829,617
208,56
1920,532
188,58
100,18
501,132
344,89
259,60
134,32
26,7
228,65
32,7
397,134
118,35
35,11
144,43
250,67
786,226
418,137
132,48
770,242
132,44
1911,538
1232,350
173,46
1788,617
44,8
158,45
742,247
448,151
448,125
618,155
2344,794
1174,391
470,131
338,111
1253,342
724,186
2006,679
142,41
7,3
442,105
375,85
1006,282
452,157
156,46
80,24
526,186
17,7
179,59
9,3
83,25
127,47
421,112
2477,704
7,4
832,234
524,183
240,81
6,2
288,102
314,77
564,143
352,89
436,115
171,48
515,131
117,31
638,220
288,101
178,63
724,231
552,155
705,207
51,12
416,123
19,5
53,16
762,201
739,250
364,115
2466,696
534,151
147,40
2039,571
968,251
237,72
14,3
1184,320
540,174
55,23
206,75
780,271
536,170
640,169
438,153
1047,342
185,44
142,46
1141,313
501,127
386,95
664,216
239,71
380,127
46,15
24,7
290,81
57,30
762,214
118,40
156,35
216,64
82,24
584,188
82,27
427,106
339,90
5,2
34,12
644,221
168,49
621,160
453,113
573,171
183,58
2989,1009
2955,1008
2693,730
301,77
644,162
440,121
275,75
103,37
120,40
235,74
365,104
128,33
219,57
169,57
1132,362
934,258
374,105
234,65
321,98
158,43
554,164
397,124
170,62
290,91
806,259
945,257
408,92
104,40
1766,606
2796,763
206,56
1298,445
863,217
1243,351
616,152
1413,491
109,41
361,81
121,35
1361,382
2032,553
171,54
112,33
541,145
38,17
482,153
1497,515
172,48
578,206
73,23
11,4
3108,1061
125,31
467,149
216,54
339,110
9,3
273,72
173,45
312,73
199,64
364,104
61,23
765,206
16,6
1719,575
644,165
179,47
17,7
892,244
726,182
1359,448
1069,348
947,321
498,126
311,107
432,141
739,182
67,16
231,67
440,154
201,40
5272,1456
761,201
842,236
1167,382
93,22
235,59
4694,1661
44,16
103,24
109,37
158,43
609,195
380,125
1069,308
1867,512
553,179
313,100
878,269
288,97
268,85
358,103
107,32
441,103
253,76
171,62
593,190
111,42
217,55
408,100
1698,563
662,209
743,206
54,20
428,147
8370,2353
1818,604
5119,1372
126,42
292,78
324,105
94,23
1147,302
92,27
91,29
132,25
383,128
130,30
562,146
1155,371
32,11
1031,300
85,27
238,65
1908,671
405,106
1595,465
864,280
833,291
689,194
1089,371
42,10
412,145
317,113
123,41
608,190
682,174
78,16
119,39
644,224
44,12
341,103
469,105
954,330
946,281
26,9
111,23
340,83
372,108
22,4
769,216
2168,755
454,149
236,71
510,171
35,14
754,252
155,53
634,206
283,70
6532,2276
960,265
195,44
31,12
7157,1988
42,12
2326,660
1979,524
105,36
936,251
386,116
191,51
30,13
548,145
51,18
423,126
128,53
63,26
2091,715
211,56
522,148
313,88
534,146
70,19
632,212
249,62
1264,400
1074,373
10051,2886
297,86
115,33
560,186
456,148
302,93
1164,404
20,6
274,75
409,130
160,44
417,103
828,274
34,10
47,15
524,150
1,1
379,108
832,256
807,282
71,20
108,34
258,55
373,131
3189,1116
1286,413
63,17
634,164
51,26
990,247
275,98
1206,318
728,194
54,12
22,4
888,240
1533,414
206,78
48,9
63,19
115,31
9025,3154
2507,665
229,68
143,49
518,142
317,95
217,81
240,85
352,88
425,137
483,173
516,127
107,32
163,42
794,256
75,25
460,121
2073,690
1920,553
108,33
595,136
26,4
393,112
255,65
610,194
99,26
250,85
738,243
138,43
119,32
3158,1088
46,22
48,18
1351,443
5,3
23,10
147,50
1344,399
112,30
887,189
170,61
494,177
40,14
65,22
194,57
1022,287
713,221
93,25
458,121
257,88
475,162
1320,458
308,76
711,238
350,93
4662,1299
358,107
4101,1203
54,23
1188,394
1692,478
253,77
530,159
522,134
720,206
142,36
301,96
224,50
131,30
260,60
142,48
2100,741
1329,378
578,134
610,199
321,75
133,45
121,36
912,289
1123,299
1321,444
382,122
1209,315
579,153
1042,278
58,15
1536,533
18,4
608,164
701,237
260,71
375,124
119,36
1103,298
30,11
218,76
347,125
271,89
240,57
261,93
720,209
542,195
128,36
493,147
1160,355
577,171
169,49
1712,487
31,9
71,20
1844,474
964,257
103,25
29,11
174,54
982,349
518,182
243,58
219,80
2117,635
4857,1709
90,30
901,241
571,188
1453,337
265,72
466,106
750,271
61,19
1216,315
179,37
635,164
115,30
3747,1038
229,70
413,112
215,40
627,159
217,56
40,15
1630,553
54,18
1636,475
633,204
258,82
94,32
1067,257
91,32
174,45
12,4
39,10
726,209
317,100
345,107
205,55
655,198
244,77
588,159
1057,276
280,102
222,63
93,27
526,169
989,241
126,28
1592,436
457,145
1241,337
34,15
5,3
117,38
181,66
89,22
236,72
420,125
57,14
1157,301
3599,960
555,157
388,126
31,10
895,242
179,47
125,47
130,33
1815,492
474,136
1641,487
26,8
168,44
499,132
1998,598
208,57
2641,900
181,58
295,93
714,230
1349,358
26,8
338,89
182,64
111,22
659,236
395,123
217,52
230,56
6,3
1242,440
403,129
65,17
10,4
1622,552
66,17
1,1
328,102
56,10
1705,428
544,159
1092,343
73,27
262,93
1536,417
410,146
365,117
206,69
269,82
349,117
526,137
863,224
718,236
294,80
207,74
1957,498
1129,287
231,67
302,103
301,73
790,215
51,15
2,1
1965,556
29,13
1003,260
338,121
577,168
302,75
163,42
747,218
316,96
152,46
1618,557
156,40
582,191
207,57
75,22
169,52
582,153
169,67
489,189
1802,585
1835,563
2048,713
1059,357
179,34
103,23
142,41
127,30
350,85
767,203
969,338
803,277
348,119
309,98
388,111
161,44
130,45
539,163
217,55
48,16
447,156
224,60
9,4
791,233
424,114
1256,340
1094,299
2599,883
6978,2420
1678,574
3,2
325,76
316,104
236,72
405,100
273,84
1915,637
45,15
197,50
665,172
741,180
434,148
850,233
188,53
489,128
712,208
5763,2031
186,56
48,16
262,54
407,105
2150,621
227,54
559,127
124,38
682,215
1202,396
573,171
226,81
322,111
275,87
980,336
395,96
1072,271
25,5
78,26
486,177
4895,1354
396,132
277,66
946,246
1497,508
104,21
406,127
276,76
436,167
157,53
1352,429
3491,943
1174,413
22,6
487,134
49,13
145,51
255,86
2049,694
553,153
1731,591
393,92
366,124
1407,392
470,153
558,178
160,49
343,117
234,90
245,69
314,85
1028,350
398,128
831,237
1096,308
1163,328
501,141
997,234
138,35
316,111
35,12
93,21
172,46
321,88
375,91
903,279
411,116
1467,417
452,109
664,229
2662,889
354,124
619,176
239,72
2232,773
33,10
439,149
2079,683
53,17
3264,1136
139,43
146,46
57,19
248,74
185,41
754,209
485,127
147,52
120,41
1394,372
88,28
408,138
515,172
881,308
1502,378
314,99
145,36
516,140
3814,1024
1780,457
16,2
229,56
102,36
1547,414
1698,432
997,268
2604,731
347,82
735,183
385,151
948,322
94,24
9,5
88,23
670,175
51,9
435,112
1691,579
46,17
841,228
47,17
1440,374
807,284
6702,1860
363,133
54,15
744,229
546,155
98,38
83,20
56,19
118,40
466,144
389,127
651,204
282,74
175,54
699,241
233,65
170,67
540,131
463,118
650,234
881,233
158,42
321,100
2073,568
239,67
316,85
358,85
52,14
232,69
49,5
893,236
34,12
87,25
62,26
207,59
512,146
481,133
339,99
959,241
1177,379
1076,367
2875,978
551,150
333,103
221,74
472,175
1623,446
186,47
291,102
369,92
1551,438
1380,485
554,149
369,92
657,217
358,104
381,129
352,85
19,6
47,14
192,54
4190,1178
278,96
88,16
372,117
568,147
146,42
677,171
41,11
151,44
3412,926
191,64
1530,542
97,30
134,18
487,142
287,92
1120,312
232,53
100,32
236,63
118,33
3,1
3936,1080
458,158
398,148
1369,477
290,94
202,69
322,101
70,22
432,154
224,65
316,103
43,13
1218,323
6,4
3760,1298
297,92
212,62
90,28
131,41
707,192
42,13
277,74
8305,2386
23,3
225,53
136,46
481,161
1185,426
233,60
38,11
265,75
873,226
302,91
193,45
199,44
111,28
960,250
1230,396
491,147
82,29
65,26
1374,462
269,69
1766,586
1031,285
24,7
114,35
643,218
1068,351
362,123
486,116
8,4
1312,353
369,144
87,25
1110,391
1732,479
594,207
191,62
567,169
301,91
60,19
16,5
1172,322
873,288
409,94
4,1
267,99
140,48
914,262
1141,384
29,10
481,172
248,67
468,152
171,60
20,6
123,28
241,79
87,27
513,144
1629,544
1549,545
70,16
140,45
1391,394
174,53
431,141
1472,505
470,119
21,8
39,10
784,178
249,58
137,46
71,21
63,19
432,129
359,110
130,44
175,44
91,33
180,53
220,74
883,240
754,241
73,12
430,136
190,60
1056,378
366,89
241,64
192,57
148,33
604,189
491,157
51,16
14,7
252,81
614,167
325,105
31,13
53,21
228,49
2,1
462,166
740,206
1277,445
777,224
140,37
1793,572
36,12
232,55
274,62
368,107
155,51
3154,834
450,157
2034,558
8556,2353
87,32
843,296
327,102
61,10
237,71
880,227
419,119
643,172
99,28
1506,502
372,108
319,79
1477,447
548,133
334,95
1578,538
146,33
163,44
451,118
93,32
65,20
890,229
1785,632
1088,314
413,107
421,117
516,123
683,191
532,142
287,82
458,156
195,46
66,24
24,8
255,90
201,67
7,2
447,134
352,112
474,139
966,220
166,67
271,79
247,94
298,70
1381,454
890,296
466,109
44,14
1627,543
198,48
177,41
128,36
391,128
748,199
1099,365
1618,544
92,32
157,53
1752,486
633,217
1065,284
18,4
179,44
140,41
410,103
11,3
483,160
1801,468
211,58
203,54
22,7
981,268
587,158
1544,423
380,117
69,24
281,78
242,55
724,193
627,161
693,185
19,8
197,69
1542,425
889,308
604,168
1196,417
761,240
20,6
540,190
431,143
1111,307
374,78
2305,628
423,169
375,94
487,170
8,2
308,107
879,293
1728,581
251,54
1080,371
1665,590
91,20
385,131
1355,376
296,105
256,85
571,180
99,25
531,141
693,162
69,27
497,173
516,137
983,315
716,262
441,119
17,6
65,21
136,54
39,9
46,12
412,113
15,4
55,24
157,35
654,150
252,77
744,208
158,53
193,52
76,27
358,118
731,235
996,255
476,128
172,55
548,159
103,36
657,166
67,15
1064,295
90,32
65,17
258,93
1432,423
10,4
555,148
1392,472
995,325
989,295
171,47
1652,546
227,66
1962,556
126,44
1278,437
429,109
526,169
466,172
1168,383
1757,599
234,92
2443,848
24,9
340,107
373,101
7,2
150,36
609,205
58,16
63,16
253,65
325,67
2340,824
571,146
120,26
59,12
57,12
364,114
180,45
1197,338
1,1
767,252
253,86
49,10
209,64
71,17
541,186
269,99
97,28
169,40
593,162
1190,359
57,14
1695,460
747,208
580,181
683,236
145,37
2598,719
228,69
130,32
417,130
398,115
470,138
13,2
1794,644
58,17
77,26
578,197
959,312
106,29
528,140
798,216
391,111
123,44
303,79
97,27
171,43
397,97
562,178
272,94
124,51
1087,381
416,111
40,12
641,171
494,142
206,58
337,137
1841,514
103,28
628,157
87,28
3799,1050
125,36
958,248
1196,325
379,112
1256,361
545,133
134,43
75,20
443,106
143,37
79,19
238,51
672,161
2066,578
939,332
282,100
225,65
503,174
350,129
117,37
97,37
433,137
442,139
4110,1455
511,157
1507,422
2416,807
4098,1152
486,142
1175,401
933,319
125,34
247,86
1935,535
76,17
152,43
188,40
1317,376
233,58
679,205
662,204
1039,319
665,167
96,39
35,8
294,97
1911,510
1450,375
957,343
65,15
641,206
1472,494
598,208
23,7
456,120
80,25
310,103
621,153
197,49
2008,548
328,116
905,228
172,46
749,237
577,135
381,121
178,69
600,205
46,13
205,65
207,39
39,9
310,95
1765,604
68,17
163,43
531,176
192,43
481,108
151,38
1127,327
354,90
191,70
107,38
523,194
192,66
1471,380
423,110
1179,427
428,120
676,217
1369,398
281,90
111,34
1034,319
470,178
405,101
13,3
456,119
144,35
23,6
1935,559
135,42
598,186
92,31
276,88
976,249
313,106
1630,464
354,121
23,10
650,175
42,9
2329,648
383,90
1078,346
262,75
135,42
3675,1254
329,103
1867,516
1226,305
215,80
8,4
543,161
2104,730
75,21
247,77
564,146
783,199
2602,879
81,27
967,281
1269,436
24,11
385,125
910,289
34,10
145,45
71,19
6,1
125,25
2289,787
584,188
36,8
1140,393
292,74
141,50
496,173
1109,377
984,330
1447,413
322,70
220,54
64,18
396,84
1294,355
1383,464
2300,649
1509,520
206,60
304,75
10,4
41,11
1202,368
1564,401
1035,332
657,190
145,45
1293,444
631,153
411,143
179,45
3125,889
254,79
94,31
738,239
142,35
3,1
1322,334
164,52
67,32
186,48
327,106
344,103
273,63
278,87
614,204
2121,723
150,41
27,8
770,213
272,88
1858,669
1633,558
140,52
45,15
2153,704
123,32
46,10
253,70
667,237
20,12
1238,309
212,61
102,27
2368,788
378,95
137,47
258,86
753,200
1087,280
84,27
1038,286
902,223
1298,458
160,39
857,220
690,197
724,201
770,263
261,87
529,157
346,128
281,76
134,31
326,96
338,109
226,63
580,189
501,182
279,76
1316,368
3718,1028
127,45
77,17
646,199
36,12
2588,871
389,130
1723,455
1903,511
1279,427
570,145
400,98
82,26
531,109
2791,981
215,62
313,87
432,154
335,106
1391,367
667,160
472,165
2000,692
409,97
243,59
14,3
1593,462
330,91
104,32
452,165
510,136
1479,492
1559,535
854,223
46,11
815,212
92,25
759,246
88,32
482,163
463,111
787,258
747,270
613,207
515,137
58,15
853,278
865,236
163,56
223,69
185,66
125,46
525,139
365,96
442,140
87,33
652,158
2545,874
807,223
39,17
1544,440
660,169
313,92
286,75
1675,562
795,205
352,90
143,53
9414,3266
170,40
1122,354
124,38
289,71
1598,422
17,6
603,161
117,30
17,5
132,35
1506,516
595,182
43,16
845,230
87,31
659,194
489,142
174,50
438,152
257,74
226,63
1781,510
1701,442
27,10
193,47
125,50
189,62
172,63
178,52
53,19
275,71
502,169
221,60
347,104
639,161
958,260
833,299
247,83
736,238
71,19
464,165
818,230
108,26
1099,398
194,54
516,154
31,8
126,34
754,197
746,187
4706,1666
87,30
52,12
785,264
57,15
1554,538
1036,343
269,87
1876,630
757,192
97,31
1597,444
62,19
548,140
691,230
440,111
448,158
1135,393
160,55
16,7
171,50
2660,896
94,18
658,182
1029,269
74,17
103,27
639,158
972,251
319,79
667,211
1376,372
1816,649
1,1
41,19
2335,685
1153,397
531,125
198,58
851,264
133,34
87,31
120,40
142,55
1036,292
6849,1909
390,115
3061,856
157,51
207,59
122,35
601,192
83,24
327,110
381,111
131,41
247,68
313,96
197,54
445,148
853,298
851,254
526,147
85,16
119,33
26,8
116,37
219,48
112,34
692,180
90,35
8,2
4660,1380
682,229
236,77
408,112
276,100
776,258
299,70
197,47
313,98
26,9
344,128
336,92
139,34
4308,1170
57,22
122,45
126,31
72,30
136,47
409,133
15,6
1249,314
71,21
1833,628
1824,628
1201,323
2121,759
633,178
1283,367
209,54
62,13
512,157
313,95
103,38
49,13
1772,539
607,166
1163,388
1779,493
49,15
311,69
498,135
262,87
128,39
123,42
155,47
690,189
11,7
38,16
418,112
1144,280
4107,1453
390,128
223,68
125,39
35,12
292,106
24,7
1963,680
68,24
298,115
1489,399
1083,289
44,14
452,172
388,104
468,160
740,255
1791,638
161,64
159,35
516,169
133,44
390,132
328,91
144,48
112,36
230,78
510,134
2370,802
203,57
909,230
6222,1752
114,38
2417,693
443,150
377,94
212,68
276,95
486,171
691,185
57,19
2386,639
366,95
275,85
723,246
237,62
1130,311
93,28
71,23
253,88
319,107
1015,277
1414,402
281,68
56,16
141,61
1441,456
334,114
665,230
451,115
59,25
170,46
252,64
488,120
299,102
1570,424
724,156
405,125
2098,713
103,31
293,90
111,27
345,89
293,99
207,77
2731,736
27,11
980,342
3785,1031
1048,375
642,173
257,72
93,35
1844,495
1922,635
1135,406
718,192
17,8
213,63
603,180
350,108
3445,1222
771,191
1847,622
6,2
57,19
184,62
313,110
423,114
2413,680
723,246
285,77
534,129
1652,467
343,111
320,95
1652,456
624,199
688,177
584,181
34,10
726,204
1243,350
116,36
1127,353
212,47
732,258
23,9
88,31
51,13
269,74
137,54
125,40
561,158
196,70
1572,432
2505,724
1097,376
2694,735
1,1
362,93
61,11
50,12
510,140
303,106
705,186
305,100
609,194
379,96
358,87
465,117
614,210
174,42
96,21
632,221
94,30
636,180
64,16
90,20
317,88
1025,299
79,27
938,247
847,289
35,12
401,129
177,55
279,67
490,118
912,236
1012,346
1549,441
480,158
31,8
1878,497
327,70
208,65
626,158
860,280
10,2
123,34
62,20
740,254
2257,645
87,24
73,22
588,149
525,135
817,236
727,194
119,36
459,139
523,201
107,30
1775,482
1794,626
1951,647
66,15
5,2
248,68
19,5
138,43
828,275
74,18
151,44
572,187
711,183
193,53
70,15
1371,465
916,321
115,25
272,80
832,225
2553,881
511,120
2,1
701,219
281,61
1002,271
975,337
92,28
1266,434
82,27
3132,798
386,96
3108,895
399,105
771,189
103,32
68,15
435,120
293,86
1581,408
906,276
364,113
1900,656
862,287
2234,673
667,240
1199,334
123,48
420,147
7,4
236,51
957,279
51,20
163,59
989,277
1243,374
309,82
482,149
465,156
181,70
131,44
4993,1692
297,109
388,111
1044,287
398,98
27,8
1964,507
260,91
912,323
270,81
317,118
810,294
1316,394
61,20
702,178
1272,440
927,304
236,76
665,190
100,42
1239,318
183,61
140,42
421,112
69,26
164,51
364,100
576,162
425,108
2,1
646,182
1939,535
217,61
28,11
748,244
1225,345
1204,407
182,55
1246,325
955,244
727,253
124,41
1935,513
262,91
700,172
136,25
877,240
2044,681
1098,289
267,70
540,135
765,220
126,28
668,165
339,111
1152,371
26,2
667,239
3383,951
740,257
379,100
427,125
214,71
511,172
118,30
667,185
270,69
756,211
145,41
490,147
239,86
1182,414
983,258
651,173
403,100
1938,659
55,13
224,73
309,96
544,141
210,71
2712,937
1676,448
256,87
3166,1070
44,16
160,38
2519,892
234,62
18,4
232,53
263,66
432,110
717,251
894,265
213,46
97,32
315,106
2322,652
1192,327
1874,634
1175,314
728,245
3859,1371
150,55
423,126
860,219
117,28
795,250
1038,340
20,11
1251,334
1324,362
563,207
412,103
1482,455
287,84
20,3
474,167
41,10
647,165
82,23
942,237
720,172
534,157
69,17
21,2
52,17
6,2
264,75
1972,662
15,4
142,54
1885,655
1487,494
1190,335
48,14
351,136
218,49
329,93
561,148
65,15
1086,376
94,19
157,42
95,32
46,12
1193,384
1408,405
1294,436
479,142
133,35
52,15
487,107
941,311
2334,622
11,4
372,87
506,165
295,69
602,208
54,14
734,201
159,58
364,103
12,3
77,19
644,233
502,118
272,92
493,103
2740,1007
270,66
159,47
39,8
88,25
407,136
184,67
1627,557
68,26
1202,336
4063,1145
57,12
168,54
298,106
769,207
610,207
6112,1700
276,77
6989,2470
212,65
156,49
125,38
124,34
810,285
191,64
814,263
265,75
5464,1528
313,89
957,238
763,257
480,162
42,17
191,65
7634,2715
647,188
755,208
340,84
73,23
1296,320
346,75
951,235
2637,931
1272,438
26,6
582,198
1219,391
8195,2371
516,140
46,9
167,60
244,64
484,165
227,79
298,72
396,106
782,223
83,18
412,123
159,54
607,210
146,40
866,241
1178,288
160,45
23,10
909,298
207,59
23,9
1191,418
37,9
106,34
1206,319
18,6
684,170
303,83
327,114
165,43
976,281
88,27
1006,269
383,106
1285,429
455,151
205,42
524,142
98,36
3830,1332
121,42
351,88
145,39
1445,376
551,144
546,189
3383,1165
357,115
1284,324
62,16
144,48
79,31
147,50
680,197
228,63
1185,290
352,124
1120,392
698,253
237,73
454,110
85,26
7,2
280,79
2001,694
1523,532
248,61
335,80
265,84
383,103
561,138
113,29
303,88
660,157
297,69
533,146
659,188
1437,471
12,4
208,63
479,128
357,130
524,156
1606,552
1394,475
347,107
566,154
1114,272
307,93
2317,768
69,24
279,76
453,98
35,7
179,45
456,152
440,108
238,84
323,90
490,127
160,53
649,147
130,33
1157,384
433,116
46,11
388,116
441,175
1257,337
871,230
594,163
1572,428
1143,368
74,13
510,138
236,68
278,68
1123,377
50,17
145,55
996,269
39,11
196,54
41,12
10,4
184,65
26,9
962,340
72,29
304,104
932,310
1087,380
509,134
221,71
6137,2105
109,41
84,33
4,2
20,10
120,40
59,12
190,67
193,52
665,188
144,35
1220,387
38,11
360,84
948,324
898,340
325,118
315,112
449,157
586,157
80,24
140,47
789,263
174,44
113,38
65,20
824,231
382,135
631,189
9,4
712,186
1420,463
303,98
760,276
2069,533
189,57
123,36
39,11
119,31
217,59
326,99
458,127
776,207
74,22
428,151
381,97
271,62
101,30
1012,247
646,173
183,49
2988,849
7,2
109,24
32,7
80,16
590,143
237,70
49,10
2915,990
635,221
547,170
190,40
115,37
275,99
1438,386
1148,289
523,141
1857,595
84,26
556,130
249,64
630,195
3560,1210
719,258
1281,349
1227,442
261,84
1798,581
1109,341
1434,390
323,107
45,20
717,244
201,65
311,105
89,29
8,3
256,79
374,128
231,84
163,57
34,5
807,221
2503,676
63,16
490,137
431,110
141,43
242,65
101,34
93,28
3675,1034
379,104
975,337
296,76
71,19
20,8
1029,288
92,21
379,117
418,143
825,238
47,12
298,81
126,32
378,95
310,75
133,33
1721,584
98,36
182,47
567,157
680,179
71,20
371,95
633,170
2606,662
509,149
681,215
165,47
150,39
49,16
200,56
1165,320
338,87
432,163
567,176
2539,725
79,17
110,41
631,170
1077,300
27,6
1231,347
553,170
288,72
806,227
235,69
1081,396
64,17
45,6
632,153
344,87
1294,335
1523,501
57,16
3734,1323
386,142
398,146
2948,825
37,14
1847,644
25,10
41,12
403,97
227,74
316,107
4480,1615
584,162
293,82
47,12
213,63
695,222
1742,575
496,127
521,152
57,20
544,153
46,14
228,71
98,23
2283,741
73,22
624,178
179,40
419,154
206,59
387,116
476,157
211,56
26,11
17,4
247,88
381,131
292,74
819,306
1214,415
115,27
2387,605
8,3
261,94
387,118
20,8
190,39
22,7
831,298
1501,534
205,63
929,321
1259,329
488,124
105,26
17,6
775,255
172,50
228,70
395,117
342,78
1388,463
1940,649
356,111
333,103
17,4
125,42
345,86
2290,647
575,194
246,69
2369,786
251,92
156,50
613,197
321,86
872,298
537,159
1439,468
926,243
294,92
1385,391
2647,918
106,36
930,293
28,10
166,57
145,36
339,114
147,41
997,340
821,290
11,6
1964,659
2098,599
89,34
1059,300
375,79
160,46
3698,1025
1645,454
325,91
558,150
1369,346
140,39
211,53
130,42
824,271
420,87
8,4
50,15
100,30
370,104
243,61
161,46
96,20
705,177
719,252
240,62
646,209
326,81
216,58
1181,413
1362,395
2229,611
330,89
184,55
637,207
131,33
693,236
714,233
72,23
149,51
621,178
163,34
857,295
215,64
595,172
9,2
165,54
35,8
593,179
195,71
84,23
337,108
1217,333
425,133
428,112
1729,567
3135,837
446,138
568,192
2286,644
8,3
57,18
34,13
3400,981
167,48
31,10
57,15
176,48
396,93
592,167
253,78
651,182
558,194
2047,570
965,233
2631,917
1693,572
325,83
121,24
212,67
197,48
68,27
1345,452
1301,452
2528,685
1169,298
1741,468
796,203
316,99
51,26
368,91
