1.00648e-13
2.7011e-12
1.84317e-11
7.17967e-11
2.05697e-10
4.85244e-10
1.00105e-09
1.87211e-09
3.24823e-09
5.31231e-09
8.28216e-09
1.24122e-08
1.79948e-08
2.53616e-08
3.48845e-08
4.69764e-08
6.2092e-08
8.07285e-08
1.03426e-07
1.30766e-07
1.63375e-07
2.01923e-07
2.4712e-07
2.99723e-07
3.60529e-07
4.30377e-07
5.10151e-07
6.00772e-07
7.03207e-07
8.18458e-07
9.47571e-07
1.09163e-06
1.25175e-06
1.4291e-06
1.62486e-06
1.84028e-06
2.07661e-06
2.33515e-06
2.61724e-06
2.92424e-06
3.25754e-06
3.61856e-06
4.00875e-06
4.42961e-06
4.88262e-06
5.36932e-06
5.89127e-06
6.45003e-06
7.04722e-06
7.68444e-06
8.36335e-06
9.08558e-06
9.85282e-06
1.06668e-05
1.15291e-05
1.24416e-05
1.34059e-05
1.44238e-05
1.5497e-05
1.66274e-05
1.78166e-05
1.90664e-05
2.03787e-05
2.17552e-05
2.31977e-05
2.4708e-05
2.62879e-05
2.79391e-05
2.96635e-05
3.14629e-05
3.3339e-05
3.52936e-05
3.73286e-05
3.94456e-05
4.16464e-05
4.39329e-05
4.63067e-05
4.87696e-05
5.13233e-05
5.39696e-05
5.67101e-05
5.95465e-05
6.24806e-05
6.5514e-05
6.86483e-05
7.18851e-05
7.52262e-05
7.86731e-05
8.22273e-05
8.58905e-05
8.96641e-05
9.35498e-05
9.7549e-05
0.000101663
0.000105894
0.000110242
0.00011471
0.000119299
0.000124009
0.000128843
0.000133802
0.000138887
0.000144099
0.00014944
0.00015491
0.000160511
0.000166245
0.000172111
0.000178112
0.000184249
0.000190522
0.000196932
0.000203481
0.000210169
0.000216997
0.000223967
0.000231079
0.000238334
0.000245733
0.000253276
0.000260965
0.000268799
0.000276781
0.000284909
0.000293186
0.000301611
0.000310185
0.000318909
0.000327783
0.000336808
0.000345984
0.000355311
0.00036479
0.000374421
0.000384205
0.000394141
0.000404231
0.000414473
0.00042487
0.000435419
0.000446122
0.000456979
0.00046799
0.000479155
0.000490473
0.000501946
0.000513572
0.000525351
0.000537284
0.000549371
0.000561611
0.000574003
0.000586549
0.000599247
0.000612097
0.000625099
0.000638252
0.000651557
0.000665012
0.000678618
0.000692373
0.000706278
0.000720331
0.000734533
0.000748882
0.000763379
0.000778021
0.00079281
0.000807744
0.000822822
0.000838044
0.000853409
0.000868916
0.000884564
0.000900354
0.000916282
0.00093235
0.000948556
0.000964899
0.000981378
0.000997992
0.00101474
0.00103162
0.00104864
0.00106578
0.00108306
0.00110046
0.001118
0.00113565
0.00115344
0.00117135
0.00118938
0.00120754
0.00122582
0.00124422
0.00126273
0.00128136
0.00130011
0.00131898
0.00133796
0.00135705
0.00137625
0.00139556
0.00141498
0.00143451
0.00145415
0.00147388
0.00149373
0.00151367
0.00153371
0.00155385
0.00157409
0.00159443
0.00161486
0.00163538
0.001656
0.0016767
0.00169749
0.00171838
0.00173934
0.00176039
0.00178153
0.00180274
0.00182404
0.00184541
0.00186686
0.00188839
0.00190998
0.00193166
0.0019534
0.00197521
0.00199709
0.00201903
0.00204104
0.00206311
0.00208525
0.00210744
0.00212969
0.002152
0.00217436
0.00219678
0.00221925
0.00224177
0.00226434
0.00228695
0.00230962
0.00233232
0.00235507
0.00237786
0.00240069
0.00242356
0.00244646
0.0024694
0.00249238
0.00251538
0.00253842
0.00256149
0.00258458
0.0026077
0.00263084
0.00265401
0.0026772
0.0027004
0.00272363
0.00274687
0.00277013
0.00279341
0.00281669
0.00283999
0.0028633
0.00288662
0.00290994
0.00293327
0.0029566
0.00297994
0.00300327
0.00302661
0.00304995
0.00307328
0.00309661
0.00311994
0.00314325
0.00316656
0.00318986
0.00321315
0.00323643
0.0032597
0.00328295
0.00330618
0.0033294
0.0033526
0.00337578
0.00339894
0.00342208
0.00344519
0.00346828
0.00349135
0.00351439
0.0035374
0.00356038
0.00358334
0.00360626
0.00362915
0.00365201
0.00367483
0.00369762
0.00372037
0.00374308
0.00376576
0.00378839
0.00381099
0.00383355
0.00385606
0.00387853
0.00390095
0.00392333
0.00394567
0.00396796
0.0039902
0.00401239
0.00403453
0.00405662
0.00407866
0.00410065
0.00412259
0.00414447
0.0041663
0.00418808
0.00420979
0.00423146
0.00425306
0.00427461
0.0042961
0.00431753
0.0043389
0.00436021
0.00438145
0.00440264
0.00442377
0.00444483
0.00446583
0.00448676
0.00450763
0.00452844
0.00454918
0.00456985
0.00459046
0.004611
0.00463147
0.00465188
0.00467222
0.00469248
0.00471268
0.00473281
0.00475288
0.00477287
0.00479279
0.00481264
0.00483242
0.00485212
0.00487176
0.00489132
0.00491081
0.00493023
0.00494958
0.00496886
0.00498806
0.00500719
0.00502624
0.00504522
0.00506413
0.00508296
0.00510173
0.00512041
0.00513902
0.00515756
0.00517603
0.00519442
0.00521273
0.00523098
0.00524914
0.00526724
0.00528526
0.0053032
0.00532107
0.00533887
0.00535659
0.00537424
0.00539181
0.00540931
0.00542674
0.00544409
0.00546137
0.00547858
0.00549572
0.00551278
0.00552976
0.00554668
0.00556352
0.00558029
0.00559699
0.00561362
0.00563018
0.00564666
0.00566308
0.00567942
0.00569569
0.0057119
0.00572803
0.00574409
0.00576009
0.00577602
0.00579187
0.00580767
0.00582339
0.00583904
0.00585463
0.00587015
0.00588561
0.005901
0.00591633
0.00593159
0.00594678
0.00596191
0.00597698
0.00599199
0.00600693
0.00602181
0.00603663
0.00605139
0.00606609
0.00608073
0.00609531
0.00610983
0.00612429
0.0061387
0.00615304
0.00616733
0.00618157
0.00619575
0.00620987
0.00622394
0.00623795
0.00625192
0.00626583
0.00627968
0.00629349
0.00630724
0.00632095
0.00633461
0.00634821
0.00636177
0.00637528
0.00638875
0.00640217
0.00641554
0.00642887
0.00644215
0.00645539
0.00646859
0.00648174
0.00649486
0.00650793
0.00652096
0.00653396
0.00654691
0.00655983
0.00657271
0.00658555
0.00659836
0.00661113
0.00662387
0.00663657
0.00664925
0.00666189
0.0066745
0.00668707
0.00669962
0.00671214
0.00672463
0.00673709
0.00674953
0.00676194
0.00677433
0.00678669
0.00679902
0.00681134
0.00682363
0.0068359
0.00684815
0.00686038
0.00687259
0.00688478
0.00689695
0.00690911
0.00692125
0.00693338
0.00694549
0.00695759
0.00696967
0.00698174
0.00699381
0.00700586
0.0070179
0.00702993
0.00704195
0.00705397
0.00706598
0.00707798
0.00708998
0.00710197
0.00711397
0.00712595
0.00713794
0.00714992
0.00716191
0.00717389
0.00718588
0.00719786
0.00720985
0.00722185
0.00723385
0.00724585
0.00725786
0.00726987
0.00728189
0.00729392
0.00730596
0.00731801
0.00733007
0.00734214
0.00735422
0.00736631
0.00737842
0.00739054
0.00740267
0.00741482
0.00742699
0.00743917
0.00745138
0.0074636
0.00747583
0.00748809
0.00750037
0.00751267
0.007525
0.00753734
0.00754971
0.0075621
0.00757452
0.00758696
0.00759943
0.00761193
0.00762445
0.007637
0.00764959
0.0076622
0.00767484
0.00768751
0.00770021
0.00771295
0.00772572
0.00773852
0.00775136
0.00776423
0.00777713
0.00779008
0.00780306
0.00781607
0.00782913
0.00784222
0.00785536
0.00786853
0.00788174
0.007895
0.0079083
0.00792164
0.00793502
0.00794844
0.00796191
0.00797543
0.00798899
0.0080026
0.00801625
0.00802995
0.00804369
0.00805749
0.00807133
0.00808523
0.00809917
0.00811316
0.00812721
0.0081413
0.00815545
0.00816965
0.0081839
0.00819821
0.00821257
0.00822698
0.00824145
0.00825597
0.00827055
0.00828519
0.00829988
0.00831464
0.00832944
0.00834431
0.00835924
0.00837422
0.00838927
0.00840437
0.00841954
0.00843476
0.00845005
0.0084654
0.00848081
0.00849629
0.00851182
0.00852742
0.00854309
0.00855882
0.00857461
0.00859047
0.00860639
0.00862238
0.00863844
0.00865456
0.00867075
0.00868701
0.00870333
0.00871972
0.00873618
0.00875271
0.00876931
0.00878597
0.00880271
0.00881952
0.00883639
0.00885334
0.00887036
0.00888745
0.00890461
0.00892184
0.00893915
0.00895653
0.00897397
0.0089915
0.00900909
0.00902676
0.0090445
0.00906232
0.00908021
0.00909818
0.00911622
0.00913433
0.00915252
0.00917079
0.00918913
0.00920755
0.00922604
0.00924461
0.00926325
0.00928198
0.00930078
0.00931965
0.00933861
0.00935764
0.00937675
0.00939593
0.0094152
0.00943454
0.00945396
0.00947346
0.00949304
0.0095127
0.00953243
0.00955225
0.00957214
0.00959212
0.00961217
0.00963231
0.00965252
0.00967281
0.00969319
0.00971364
0.00973417
0.00975479
0.00977548
0.00979626
0.00981711
0.00983805
0.00985907
0.00988017
0.00990135
0.00992261
0.00994395
0.00996538
0.00998688
0.0100085
0.0100301
0.0100519
0.0100737
0.0100956
0.0101176
0.0101397
0.0101619
0.0101841
0.0102064
0.0102288
0.0102513
0.0102739
0.0102966
0.0103193
0.0103421
0.010365
0.010388
0.0104111
0.0104342
0.0104574
0.0104807
0.0105041
0.0105276
0.0105512
0.0105748
0.0105985
0.0106224
0.0106462
0.0106702
0.0106943
0.0107184
0.0107426
0.0107669
0.0107913
0.0108158
0.0108403
0.010865
0.0108897
0.0109145
0.0109394
0.0109643
0.0109894
0.0110145
0.0110397
0.011065
0.0110904
0.0111158
0.0111414
0.011167
0.0111927
0.0112185
0.0112443
0.0112703
0.0112963
0.0113224
0.0113486
0.0113749
0.0114013
0.0114277
0.0114542
0.0114808
0.0115075
0.0115343
0.0115611
0.011588
0.0116151
0.0116421
0.0116693
0.0116966
0.0117239
0.0117513
0.0117788
0.0118064
0.0118341
0.0118618
0.0118896
0.0119175
0.0119455
0.0119736
0.0120017
0.01203
0.0120583
0.0120866
0.0121151
0.0121437
0.0121723
0.012201
0.0122298
0.0122587
0.0122876
0.0123166
0.0123457
0.0123749
0.0124042
0.0124335
0.012463
0.0124925
0.0125221
0.0125517
0.0125815
0.0126113
0.0126412
0.0126712
0.0127013
0.0127314
0.0127616
0.0127919
0.0128223
0.0128528
0.0128833
0.0129139
0.0129446
0.0129754
0.0130062
0.0130372
0.0130682
0.0130993
0.0131304
0.0131617
0.013193
0.0132244
0.0132559
0.0132874
0.0133191
0.0133508
0.0133826
0.0134145
0.0134464
0.0134784
0.0135105
0.0135427
0.013575
0.0136073
0.0136397
0.0136722
0.0137048
0.0137375
0.0137702
0.013803
0.0138359
0.0138688
0.0139019
0.013935
0.0139682
0.0140015
0.0140348
0.0140682
0.0141018
0.0141353
0.014169
0.0142027
0.0142365
0.0142704
0.0143044
0.0143385
0.0143726
0.0144068
0.0144411
0.0144754
0.0145099
0.0145444
0.014579
0.0146136
0.0146484
0.0146832
0.0147181
0.0147531
0.0147881
0.0148233
0.0148585
0.0148938
0.0149291
0.0149646
0.0150001
0.0150357
0.0150714
0.0151071
0.0151429
0.0151789
0.0152148
0.0152509
0.0152871
0.0153233
0.0153596
0.015396
0.0154324
0.0154689
0.0155056
0.0155422
0.015579
0.0156159
0.0156528
0.0156898
0.0157269
0.015764
0.0158013
0.0158386
0.015876
0.0159135
0.015951
0.0159887
0.0160264
0.0160642
0.016102
0.01614
0.016178
0.0162161
0.0162543
0.0162926
0.0163309
0.0163694
0.0164079
0.0164465
0.0164851
0.0165239
0.0165627
0.0166016
0.0166406
0.0166797
0.0167188
0.0167581
0.0167974
0.0168368
0.0168762
0.0169158
0.0169554
0.0169952
0.017035
0.0170748
0.0171148
0.0171549
0.017195
0.0172352
0.0172755
0.0173159
0.0173563
0.0173969
0.0174375
0.0174782
0.017519
0.0175599
0.0176009
0.0176419
0.017683
0.0177242
0.0177655
0.0178069
0.0178484
0.0178899
0.0179316
0.0179733
0.0180151
0.018057
0.018099
0.018141
0.0181832
0.0182254
0.0182678
0.0183102
0.0183527
0.0183952
0.0184379
0.0184807
0.0185235
0.0185664
0.0186095
0.0186526
0.0186958
0.0187391
0.0187824
0.0188259
0.0188694
0.0189131
0.0189568
0.0190006
0.0190445
0.0190885
0.0191326
0.0191768
0.0192211
0.0192655
0.0193099
0.0193545
0.0193991
0.0194438
0.0194886
0.0195336
0.0195786
0.0196237
0.0196689
0.0197141
0.0197595
0.019805
0.0198506
0.0198962
0.019942
0.0199878
0.0200338
0.0200798
0.020126
0.0201722
0.0202185
0.020265
0.0203115
0.0203581
0.0204048
0.0204516
0.0204985
0.0205456
0.0205927
0.0206399
0.0206872
0.0207346
0.0207821
0.0208297
0.0208774
0.0209252
0.0209731
0.0210211
0.0210692
0.0211174
0.0211657
0.0212141
0.0212626
0.0213112
0.02136
0.0214088
0.0214577
0.0215067
0.0215558
0.0216051
0.0216544
0.0217039
0.0217534
0.0218031
0.0218528
0.0219027
0.0219526
0.0220027
0.0220529
0.0221032
0.0221536
0.0222041
0.0222547
0.0223054
0.0223563
0.0224072
0.0224582
0.0225094
0.0225607
0.0226121
0.0226635
0.0227151
0.0227668
0.0228187
0.0228706
0.0229226
0.0229748
0.0230271
0.0230795
0.023132
0.0231846
0.0232373
0.0232901
0.0233431
0.0233962
0.0234493
0.0235026
0.0235561
0.0236096
0.0236632
0.023717
0.0237709
0.0238249
0.023879
0.0239332
0.0239876
0.0240421
0.0240967
0.0241514
0.0242062
0.0242612
0.0243163
0.0243715
0.0244268
0.0244822
0.0245378
0.0245935
0.0246493
0.0247052
0.0247613
0.0248174
0.0248738
0.0249302
0.0249867
0.0250434
0.0251002
0.0251571
0.0252142
0.0252714
0.0253287
0.0253861
0.0254437
0.0255014
0.0255592
0.0256172
0.0256753
0.0257335
0.0257918
0.0258503
0.0259089
0.0259676
0.0260265
0.0260855
0.0261446
0.0262039
0.0262633
0.0263228
0.0263825
0.0264423
0.0265022
0.0265623
0.0266225
0.0266828
0.0267433
0.0268039
0.0268646
0.0269255
0.0269865
0.0270477
0.027109
0.0271704
0.027232
0.0272937
0.0273556
0.0274176
0.0274797
0.027542
0.0276044
0.027667
0.0277297
0.0277925
0.0278555
0.0279186
0.0279819
0.0280453
0.0281089
0.0281726
0.0282364
0.0283004
0.0283646
0.0284288
0.0284933
0.0285579
0.0286226
0.0286875
0.0287525
0.0288177
0.028883
0.0289485
0.0290141
0.0290799
0.0291458
0.0292118
0.0292781
0.0293444
0.029411
0.0294777
0.0295445
0.0296115
0.0296786
0.0297459
0.0298134
0.029881
0.0299487
0.0300166
0.0300847
0.0301529
0.0302213
0.0302899
0.0303586
0.0304274
0.0304964
0.0305656
0.030635
0.0307044
0.0307741
0.0308439
0.0309139
0.030984
0.0310543
0.0311248
0.0311954
0.0312662
0.0313371
0.0314083
0.0314795
0.031551
0.0316226
0.0316943
0.0317663
0.0318384
0.0319107
0.0319831
0.0320557
0.0321285
0.0322014
0.0322745
0.0323478
0.0324212
0.0324949
0.0325686
0.0326426
0.0327167
0.032791
0.0328655
0.0329402
0.033015
0.03309
0.0331651
0.0332405
0.033316
0.0333917
0.0334675
0.0335436
0.0336198
0.0336962
0.0337727
0.0338495
0.0339264
0.0340035
0.0340808
0.0341582
0.0342359
0.0343137
0.0343917
0.0344699
0.0345482
0.0346268
0.0347055
0.0347844
0.0348635
0.0349428
0.0350222
0.0351018
0.0351817
0.0352617
0.0353419
0.0354222
0.0355028
0.0355836
0.0356645
0.0357456
0.0358269
0.0359085
0.0359901
0.036072
0.0361541
0.0362364
0.0363188
0.0364015
0.0364843
0.0365673
0.0366505
0.0367339
0.0368176
0.0369013
0.0369853
0.0370695
0.0371539
0.0372385
0.0373233
0.0374082
0.0374934
0.0375788
0.0376643
0.0377501
0.037836
0.0379222
0.0380086
0.0380951
0.0381819
0.0382688
0.038356
0.0384433
0.0385309
0.0386187
0.0387066
0.0387948
0.0388832
0.0389718
0.0390606
0.0391495
0.0392387
0.0393281
0.0394178
0.0395076
0.0395976
0.0396878
0.0397783
0.0398689
0.0399598
0.0400508
0.0401421
0.0402336
0.0403253
0.0404172
0.0405094
0.0406017
0.0406942
0.040787
0.04088
0.0409732
0.0410666
0.0411602
0.0412541
0.0413481
0.0414424
0.0415369
0.0416316
0.0417265
0.0418217
0.0419171
0.0420126
0.0421085
0.0422045
0.0423007
0.0423972
0.0424939
0.0425908
0.042688
0.0427853
0.0428829
0.0429807
0.0430788
0.043177
0.0432755
0.0433743
0.0434732
0.0435724
0.0436718
0.0437714
0.0438713
0.0439714
0.0440717
0.0441722
0.044273
0.044374
0.0444753
0.0445768
0.0446785
0.0447804
0.0448826
0.044985
0.0450877
0.0451906
0.0452937
0.0453971
0.0455007
0.0456045
0.0457086
0.0458129
0.0459175
0.0460222
0.0461273
0.0462326
0.0463381
0.0464438
0.0465499
0.0466561
0.0467626
0.0468693
0.0469763
0.0470835
0.047191
0.0472987
0.0474067
0.0475149
0.0476234
0.0477321
0.0478411
0.0479503
0.0480597
0.0481694
0.0482794
0.0483896
0.0485001
0.0486108
0.0487218
0.048833
0.0489445
0.0490562
0.0491682
0.0492805
0.049393
0.0495058
0.0496188
0.0497321
0.0498456
0.0499594
0.0500735
0.0501878
0.0503024
0.0504173
0.0505324
0.0506477
0.0507634
0.0508793
0.0509955
0.0511119
0.0512286
0.0513456
0.0514628
0.0515803
0.0516981
0.0518161
0.0519344
0.052053
0.0521719
0.052291
0.0524104
0.0525301
0.05265
0.0527702
0.0528907
0.0530115
0.0531325
0.0532538
0.0533754
0.0534973
0.0536195
0.0537419
0.0538646
0.0539876
0.0541109
0.0542344
0.0543583
0.0544824
0.0546068
0.0547315
0.0548564
0.0549817
0.0551072
0.0552331
0.0553592
0.0554856
0.0556123
0.0557393
0.0558665
0.0559941
0.0561219
0.0562501
0.0563785
0.0565073
0.0566363
0.0567656
0.0568952
0.0570251
0.0571553
0.0572858
0.0574166
0.0575477
0.0576791
0.0578108
0.0579428
0.0580751
0.0582077
0.0583406
0.0584738
0.0586073
0.0587411
0.0588752
0.0590096
0.0591444
0.0592794
0.0594147
0.0595504
0.0596864
0.0598226
0.0599592
0.0600961
0.0602333
0.0603708
0.0605086
0.0606468
0.0607852
0.060924
0.0610631
0.0612025
0.0613422
0.0614823
0.0616226
0.0617633
0.0619043
0.0620456
0.0621873
0.0623292
0.0624715
0.0626141
0.0627571
0.0629003
0.0630439
0.0631878
0.0633321
0.0634766
0.0636215
0.0637668
0.0639123
0.0640582
0.0642045
0.064351
0.0644979
0.0646451
0.0647927
0.0649406
0.0650888
0.0652374
0.0653863
0.0655356
0.0656851
0.0658351
0.0659853
0.066136
0.0662869
0.0664382
0.0665898
0.0667418
0.0668942
0.0670468
0.0671999
0.0673532
0.067507
0.067661
0.0678155
0.0679703
0.0681254
0.0682809
0.0684367
0.0685929
0.0687494
0.0689063
0.0690636
0.0692212
0.0693792
0.0695375
0.0696962
0.0698553
0.0700147
0.0701745
0.0703346
0.0704951
0.070656
0.0708173
0.0709789
0.0711408
0.0713032
0.0714659
0.071629
0.0717924
0.0719563
0.0721205
0.072285
0.07245
0.0726153
0.072781
0.0729471
0.0731135
0.0732804
0.0734476
0.0736152
0.0737832
0.0739515
0.0741203
0.0742894
0.0744589
0.0746288
0.0747991
0.0749698
0.0751408
0.0753123
0.0754841
0.0756563
0.075829
0.076002
0.0761754
0.0763492
0.0765234
0.076698
0.076873
0.0770484
0.0772242
0.0774003
0.0775769
0.0777539
0.0779313
0.0781091
0.0782873
0.0784659
0.078645
0.0788244
0.0790042
0.0791845
0.0793651
0.0795462
0.0797277
0.0799096
0.0800919
0.0802746
0.0804577
0.0806413
0.0808252
0.0810096
0.0811944
0.0813797
0.0815653
0.0817514
0.0819379
0.0821248
0.0823122
0.0824999
0.0826881
0.0828768
0.0830658
0.0832553
0.0834453
0.0836356
0.0838264
0.0840176
0.0842093
0.0844014
0.0845939
0.0847869
0.0849803
0.0851742
0.0853684
0.0855632
0.0857584
0.085954
0.0861501
0.0863466
0.0865435
0.086741
0.0869388
0.0871371
0.0873359
0.0875351
0.0877348
0.0879349
0.0881355
0.0883365
0.088538
0.08874
0.0889424
0.0891453
0.0893486
0.0895524
0.0897567
0.0899614
0.0901666
0.0903723
0.0905784
0.0907851
0.0909921
0.0911997
0.0914077
0.0916162
0.0918252
0.0920346
0.0922445
0.0924549
0.0926658
0.0928772
0.093089
0.0933014
0.0935142
0.0937275
0.0939413
0.0941555
0.0943703
0.0945855
0.0948013
0.0950175
0.0952342
0.0954514
0.0956692
0.0958874
0.0961061
0.0963253
0.096545
0.0967652
0.0969859
0.0972071
0.0974288
0.097651
0.0978738
0.098097
0.0983208
0.098545
0.0987698
0.098995
0.0992208
0.0994471
0.099674
0.0999013
0.100129
0.100358
0.100586
0.100816
0.101046
0.101276
0.101507
0.101739
0.101971
0.102203
0.102437
0.10267
0.102904
0.103139
0.103374
0.10361
0.103846
0.104083
0.104321
0.104559
0.104797
0.105036
0.105276
0.105516
0.105756
0.105998
0.106239
0.106482
0.106725
0.106968
0.107212
0.107456
0.107702
0.107947
0.108193
0.10844
0.108687
0.108935
0.109184
0.109433
0.109682
0.109933
0.110183
0.110435
0.110687
0.110939
0.111192
0.111446
0.1117
0.111955
0.11221
0.112466
0.112722
0.11298
0.113237
0.113495
0.113754
0.114014
0.114274
0.114534
0.114796
0.115058
0.11532
0.115583
0.115847
0.116111
0.116376
0.116641
0.116907
0.117174
0.117441
0.117709
0.117977
0.118246
0.118516
0.118787
0.119057
0.119329
0.119601
0.119874
0.120147
0.120421
0.120696
0.120971
0.121247
0.121524
0.121801
0.122079
0.122357
0.122636
0.122916
0.123196
0.123477
0.123759
0.124041
0.124324
0.124608
0.124892
0.125177
0.125462
0.125749
0.126035
0.126323
0.126611
0.1269
0.127189
0.127479
0.12777
0.128062
0.128354
0.128646
0.12894
0.129234
0.129529
0.129824
0.13012
0.130417
0.130715
0.131013
0.131312
0.131611
0.131911
0.132212
0.132514
0.132816
0.133119
0.133423
0.133727
0.134032
0.134338
0.134644
0.134951
0.135259
0.135568
0.135877
0.136187
0.136497
0.136809
0.137121
0.137434
0.137747
0.138061
0.138376
0.138692
0.139008
0.139325
0.139643
0.139962
0.140281
0.140601
0.140921
0.141243
0.141565
0.141888
0.142212
0.142536
0.142861
0.143187
0.143514
0.143841
0.144169
0.144498
0.144828
0.145158
0.145489
0.145821
0.146154
0.146487
0.146821
0.147156
0.147492
0.147828
0.148165
0.148503
0.148842
0.149181
0.149522
0.149863
0.150205
0.150547
0.150891
0.151235
0.15158
0.151926
0.152272
0.15262
0.152968
0.153317
0.153666
0.154017
0.154368
0.15472
0.155073
0.155427
0.155782
0.156137
0.156493
0.15685
0.157208
0.157566
0.157926
0.158286
0.158647
0.159009
0.159372
0.159735
0.1601
0.160465
0.160831
0.161198
0.161566
0.161934
0.162303
0.162674
0.163045
0.163417
0.163789
0.164163
0.164538
0.164913
0.165289
0.165666
0.166044
0.166423
0.166802
0.167183
0.167564
0.167947
0.16833
0.168714
0.169098
0.169484
0.169871
0.170258
0.170647
0.171036
0.171426
0.171817
0.172209
0.172602
0.172996
0.17339
0.173786
0.174182
0.17458
0.174978
0.175377
0.175777
0.176178
0.17658
0.176983
0.177386
0.177791
0.178197
0.178603
0.179011
0.179419
0.179828
0.180238
0.18065
0.181062
0.181475
0.181889
0.182304
0.18272
0.183136
0.183554
0.183973
0.184392
0.184813
0.185235
0.185657
0.186081
0.186505
0.186931
0.187357
0.187785
0.188213
0.188642
0.189073
0.189504
0.189936
0.190369
0.190804
0.191239
0.191675
0.192112
0.192551
0.19299
0.19343
0.193871
0.194314
0.194757
0.195201
0.195647
0.196093
0.19654
0.196989
0.197438
0.197888
0.19834
0.198792
0.199246
0.1997
0.200156
0.200612
0.20107
0.201529
0.201988
0.202449
0.202911
0.203374
0.203838
0.204303
0.204769
0.205236
0.205704
0.206173
0.206644
0.207115
0.207587
0.208061
0.208536
0.209011
0.209488
0.209966
0.210445
0.210925
0.211406
0.211888
0.212372
0.212856
0.213342
0.213829
0.214316
0.214805
0.215295
0.215786
0.216279
0.216772
0.217266
0.217762
0.218259
0.218757
0.219256
0.219756
0.220257
0.22076
0.221263
0.221768
0.222274
0.222781
0.223289
0.223799
0.224309
0.224821
0.225334
0.225848
0.226363
0.226879
0.227397
0.227916
0.228435
0.228957
0.229479
0.230002
0.230527
0.231053
0.23158
0.232108
0.232638
0.233168
0.2337
0.234233
0.234768
0.235303
0.23584
0.236378
0.236917
0.237458
0.237999
0.238542
0.239086
0.239632
0.240178
0.240726
0.241276
0.241826
0.242378
0.24293
0.243485
0.24404
0.244597
0.245155
0.245714
0.246274
0.246836
0.247399
0.247964
0.248529
0.249096
0.249665
0.250234
0.250805
0.251377
0.25195
0.252525
0.253101
0.253679
0.254257
0.254837
0.255419
0.256001
0.256585
0.257171
0.257757
0.258345
0.258935
0.259525
0.260117
0.260711
0.261305
0.261901
0.262499
0.263098
0.263698
0.264299
0.264902
0.265507
0.266112
0.266719
0.267328
0.267938
0.268549
0.269161
0.269775
0.270391
0.271008
0.271626
0.272245
0.272866
0.273489
0.274113
0.274738
0.275365
0.275993
0.276622
0.277253
0.277886
0.27852
0.279155
0.279792
0.28043
0.28107
0.281711
0.282354
0.282998
0.283643
0.28429
0.284939
0.285589
0.28624
0.286893
0.287548
0.288204
0.288861
0.28952
0.290181
0.290842
0.291506
0.292171
0.292837
0.293505
0.294175
0.294846
0.295519
0.296193
0.296868
0.297546
0.298224
0.298905
0.299586
0.30027
0.300955
0.301641
0.302329
0.303019
0.30371
0.304403
0.305097
0.305793
0.306491
0.30719
0.307891
0.308593
0.309297
0.310003
0.31071
0.311419
0.312129
0.312841
0.313555
0.31427
0.314987
0.315705
0.316426
0.317147
0.317871
0.318596
0.319323
0.320051
0.320781
0.321513
0.322246
0.322981
0.323718
0.324457
0.325197
0.325939
0.326682
0.327427
0.328174
0.328923
0.329673
0.330425
0.331179
0.331934
0.332692
0.333451
0.334211
0.334974
0.335738
0.336504
0.337271
0.338041
0.338812
0.339585
0.340359
0.341136
0.341914
0.342694
0.343475
0.344259
0.345044
0.345831
0.34662
0.347411
0.348203
0.348998
0.349794
0.350592
0.351391
0.352193
0.352996
0.353802
0.354609
0.355418
0.356228
0.357041
0.357855
0.358672
0.35949
0.36031
0.361132
0.361956
0.362781
0.363609
0.364438
0.36527
0.366103
0.366938
0.367775
0.368614
0.369455
0.370298
0.371142
0.371989
0.372838
0.373688
0.37454
0.375395
0.376251
0.377109
0.37797
0.378832
0.379696
0.380562
0.38143
0.3823
0.383172
0.384047
0.384923
0.385801
0.386681
0.387563
0.388447
0.389333
0.390221
0.391111
0.392003
0.392898
0.393794
0.394692
0.395593
0.396495
0.397399
0.398306
0.399214
0.400125
0.401038
0.401953
0.40287
0.403789
0.40471
0.405633
0.406558
0.407486
0.408415
0.409347
0.410281
0.411216
0.412154
0.413095
0.414037
0.414981
0.415928
0.416877
0.417828
0.418781
0.419736
0.420694
0.421653
0.422615
0.423579
0.424546
0.425514
0.426485
0.427457
0.428433
0.42941
0.430389
0.431371
0.432355
0.433341
0.43433
0.435321
0.436314
0.437309
0.438307
0.439306
0.440309
0.441313
0.44232
0.443329
0.44434
0.445354
0.446369
0.447388
0.448408
0.449431
0.450456
0.451484
0.452514
0.453546
0.454581
0.455618
0.456657
0.457699
0.458743
0.459789
0.460838
0.461889
0.462943
0.463999
0.465057
0.466118
0.467181
0.468247
0.469315
0.470386
0.471459
0.472534
0.473612
0.474693
0.475775
0.476861
0.477948
0.479039
0.480131
0.481227
0.482324
0.483425
0.484527
0.485633
0.486741
0.487851
0.488964
0.490079
0.491197
0.492318
0.493441
0.494566
0.495694
0.496825
0.497958
0.499094
0.500233
0.501374
0.502518
0.503664
0.504813
0.505964
0.507119
0.508275
0.509435
0.510597
0.511762
0.512929
0.514099
0.515272
0.516447
0.517625
0.518806
0.51999
0.521176
0.522365
0.523556
0.52475
0.525947
0.527147
0.52835
0.529555
0.530763
0.531974
0.533187
0.534403
0.535623
0.536844
0.538069
0.539296
0.540527
0.54176
0.542995
0.544234
0.545476
0.54672
0.547967
0.549217
0.55047
0.551725
0.552984
0.554245
0.55551
0.556777
0.558047
0.55932
0.560596
0.561875
0.563156
0.564441
0.565729
0.567019
0.568313
0.569609
0.570908
0.572211
0.573516
0.574824
0.576135
0.57745
0.578767
0.580087
0.58141
0.582737
0.584066
0.585398
0.586734
0.588072
0.589414
0.590758
0.592106
0.593456
0.59481
0.596167
0.597527
0.59889
0.600256
0.601625
0.602998
0.604373
0.605752
0.607134
0.608519
0.609907
0.611298
0.612693
0.61409
0.615491
0.616895
0.618302
0.619713
0.621126
0.622543
0.623963
0.625387
0.626813
0.628243
0.629676
0.631113
0.632552
0.633995
0.635441
0.636891
0.638344
0.6398
0.641259
0.642722
0.644188
0.645658
0.647131
0.648607
0.650086
0.651569
0.653056
0.654545
0.656039
0.657535
0.659035
0.660538
0.662045
0.663555
0.665069
0.666586
0.668107
0.669631
0.671158
0.672689
0.674224
0.675762
0.677303
0.678848
0.680397
0.681949
0.683505
0.685064
0.686626
0.688193
0.689763
0.691336
0.692913
0.694494
0.696078
0.697666
0.699257
0.700852
0.702451
0.704053
0.705659
0.707269
0.708883
0.7105
0.71212
0.713745
0.715373
0.717005
0.71864
0.72028
0.721923
0.72357
0.72522
0.726874
0.728533
0.730194
0.73186
0.73353
0.735203
0.73688
0.738561
0.740246
0.741934
0.743627
0.745323
0.747023
0.748727
0.750435
0.752147
0.753863
0.755583
0.757306
0.759034
0.760765
0.762501
0.76424
0.765983
0.767731
0.769482
0.771237
0.772996
0.77476
0.776527
0.778298
0.780074
0.781853
0.783637
0.785424
0.787216
0.789012
0.790812
0.792616
0.794424
0.796236
0.798052
0.799873
0.801697
0.803526
0.805359
0.807196
0.809037
0.810883
0.812733
0.814587
0.816445
0.818307
0.820174
0.822045
0.82392
0.8258
0.827683
0.829571
0.831464
0.83336
0.835261
0.837167
0.839077
0.840991
0.842909
0.844832
0.846759
0.848691
0.850626
0.852567
0.854512
0.856461
0.858415
0.860373
0.862335
0.864303
0.866274
0.86825
0.870231
0.872216
0.874206
0.8762
0.878199
0.880202
0.88221
0.884222
0.886239
0.888261
0.890287
0.892318
0.894353
0.896394
0.898438
0.900488
0.902542
0.904601
0.906664
0.908733
0.910805
0.912883
0.914966
0.917053
0.919145
0.921241
0.923343
0.925449
0.92756
0.929676
0.931797
0.933922
0.936053
0.938188
0.940328
0.942473
0.944623
0.946778
0.948938
0.951102
0.953272
0.955446
0.957626
0.95981
0.962
0.964194
0.966394
0.968598
0.970808
0.973022
0.975242
0.977467
0.979696
0.981931
0.984171
0.986416
0.988666
0.990922
0.993182
0.995448
0.997718
0.999994
1.00228
1.00456
1.00685
1.00915
1.01145
1.01376
1.01607
1.01839
1.02071
1.02304
1.02537
1.02771
1.03006
1.03241
1.03476
1.03712
1.03949
1.04186
1.04424
1.04662
1.04901
1.0514
1.0538
1.0562
1.05861
1.06103
1.06345
1.06587
1.0683
1.07074
1.07318
1.07563
1.07808
1.08054
1.08301
1.08548
1.08796
1.09044
1.09292
1.09542
1.09792
1.10042
1.10293
1.10545
1.10797
1.1105
1.11303
1.11557
1.11811
1.12066
1.12322
1.12578
1.12835
1.13092
1.1335
1.13609
1.13868
1.14128
1.14388
1.14649
1.14911
1.15173
1.15436
1.15699
1.15963
1.16227
1.16492
1.16758
1.17025
1.17291
1.17559
1.17827
1.18096
1.18365
1.18635
1.18906
1.19177
1.19449
1.19722
1.19995
1.20268
1.20543
1.20818
1.21093
1.2137
1.21646
1.21924
1.22202
1.22481
1.2276
1.2304
1.23321
1.23602
1.23884
1.24167
1.2445
1.24734
1.25018
1.25304
1.25589
1.25876
1.26163
1.26451
1.26739
1.27028
1.27318
1.27609
1.279
1.28192
1.28484
1.28777
1.29071
1.29365
1.2966
1.29956
1.30253
1.3055
1.30847
1.31146
1.31445
1.31745
1.32045
1.32347
1.32649
1.32951
1.33254
1.33558
1.33863
1.34168
1.34474
1.34781
1.35089
1.35397
1.35706
1.36015
1.36326
1.36637
1.36948
1.37261
1.37574
1.37888
1.38202
1.38517
1.38833
1.3915
1.39467
1.39786
1.40104
1.40424
1.40744
1.41065
1.41387
1.4171
1.42033
1.42357
1.42682
1.43007
1.43333
1.4366
1.43988
1.44317
1.44646
1.44976
1.45306
1.45638
1.4597
1.46303
1.46637
1.46971
1.47307
1.47643
1.47979
1.48317
1.48655
1.48994
1.49334
1.49675
1.50016
1.50359
1.50702
1.51045
1.5139
1.51735
1.52081
1.52428
1.52776
1.53125
1.53474
1.53824
1.54175
1.54526
1.54879
1.55232
1.55586
1.55941
1.56297
1.56654
1.57011
1.57369
1.57728
1.58088
1.58448
1.5881
1.59172
1.59535
1.59899
1.60264
1.6063
1.60996
1.61363
1.61731
1.621
1.6247
1.62841
1.63212
1.63584
1.63958
1.64332
1.64706
1.65082
1.65459
1.65836
1.66214
1.66594
1.66974
1.67355
1.67736
1.68119
1.68502
1.68887
1.69272
1.69658
1.70045
1.70433
1.70822
1.71212
1.71602
1.71994
1.72386
1.72779
1.73173
1.73568
1.73964
1.74361
1.74759
1.75157
1.75557
1.75957
1.76359
1.76761
1.77164
1.77568
1.77974
1.7838
1.78786
1.79194
1.79603
1.80013
1.80423
1.80835
1.81247
1.81661
1.82075
1.82491
1.82907
1.83324
1.83742
1.84161
1.84582
1.85003
1.85425
1.85848
1.86272
1.86696
1.87122
1.87549
1.87977
1.88406
1.88836
1.89266
1.89698
1.90131
1.90565
1.90999
1.91435
1.91872
1.92309
1.92748
1.93188
1.93628
1.9407
1.94513
1.94957
1.95401
1.95847
1.96294
1.96741
1.9719
1.9764
1.98091
1.98543
1.98996
1.9945
1.99905
2.00361
2.00818
2.01276
2.01735
2.02195
2.02656
2.03119
2.03582
2.04046
2.04512
2.04978
2.05446
2.05915
2.06384
2.06855
2.07327
2.078
2.08274
2.08749
2.09225
2.09702
2.10181
2.1066
2.11141
2.11622
2.12105
2.12589
2.13074
2.1356
2.14047
2.14535
2.15025
2.15515
2.16007
2.165
2.16994
2.17489
2.17985
2.18482
2.1898
2.1948
2.19981
2.20482
2.20985
2.21489
2.21995
2.22501
2.23009
2.23517
2.24027
2.24538
2.2505
2.25564
2.26078
2.26594
2.27111
2.27629
2.28148
2.28669
2.2919
2.29713
2.30237
2.30762
2.31289
2.31816
2.32345
2.32875
2.33406
2.33939
2.34472
2.35007
2.35543
2.36081
2.36619
2.37159
2.377
2.38242
2.38786
2.3933
2.39876
2.40424
2.40972
2.41522
2.42073
2.42625
2.43178
2.43733
2.44289
2.44846
2.45405
2.45965
2.46526
2.47088
2.47652
2.48217
2.48783
2.4935
2.49919
2.50489
2.51061
2.51633
2.52207
2.52783
2.53359
2.53937
2.54516
2.55097
2.55679
2.56262
2.56847
2.57433
2.5802
2.58609
2.59198
2.5979
2.60382
2.60976
2.61572
2.62168
2.62766
2.63366
2.63967
2.64569
2.65172
2.65777
2.66383
2.66991
2.676
2.6821
2.68822
2.69436
2.7005
2.70666
2.71284
2.71902
2.72523
2.73144
2.73767
2.74392
2.75018
2.75645
2.76274
2.76904
2.77536
2.78169
2.78803
2.79439
2.80077
2.80716
2.81356
2.81998
2.82641
2.83286
2.83932
2.8458
2.85229
2.8588
2.86532
2.87185
2.87841
2.88497
2.89155
2.89815
2.90476
2.91139
2.91803
2.92468
2.93136
2.93804
2.94474
2.95146
2.95819
2.96494
2.97171
2.97848
2.98528
2.99209
2.99891
3.00576
3.01261
3.01948
3.02637
3.03328
3.04019
3.04713
3.05408
3.06105
3.06803
3.07503
3.08204
3.08907
3.09612
3.10318
3.11026
3.11736
3.12447
3.1316
3.13874
3.1459
3.15307
3.16027
3.16748
3.1747
3.18194
3.1892
3.19648
3.20377
3.21108
3.2184
3.22574
3.2331
3.24048
3.24787
3.25528
3.2627
3.27015
3.27761
3.28508
3.29258
3.30009
3.30762
3.31516
3.32272
3.3303
3.3379
3.34551
3.35314
3.36079
3.36846
3.37614
3.38385
3.39156
3.3993
3.40706
3.41483
3.42262
3.43042
3.43825
3.44609
3.45395
3.46183
3.46973
3.47764
3.48558
3.49353
3.5015
3.50949
3.51749
3.52552
3.53356
3.54162
3.5497
3.55779
3.56591
3.57404
3.5822
3.59037
3.59856
3.60677
3.615
3.62324
3.63151
3.63979
3.64809
3.65642
3.66476
3.67312
3.68149
3.68989
3.69831
3.70675
3.7152
3.72368
3.73217
3.74068
3.74922
3.75777
3.76634
3.77493
3.78354
3.79218
3.80083
3.8095
3.81819
3.8269
3.83563
3.84438
3.85314
3.86193
3.87074
3.87957
3.88842
3.89729
3.90618
3.91509
3.92403
3.93298
3.94195
3.95094
3.95995
3.96899
3.97804
3.98711
3.99621
4.00533
4.01446
4.02362
4.0328
4.042
4.05122
4.06046
4.06972
4.07901
4.08831
4.09764
4.10698
4.11635
4.12574
4.13515
4.14459
4.15404
4.16352
4.17301
4.18253
4.19207
4.20164
4.21122
4.22083
4.23046
4.24011
4.24978
4.25947
4.26919
4.27893
4.28869
4.29847
4.30828
4.3181
4.32795
4.33783
4.34772
4.35764
4.36758
4.37754
4.38753
4.39754
4.40757
4.41762
4.4277
4.4378
4.44792
4.45807
4.46824
4.47843
4.48865
4.49889
4.50915
4.51944
4.52975
4.54008
4.55044
4.56082
4.57122
4.58165
4.5921
4.60257
4.61307
4.6236
4.63414
4.64471
4.65531
4.66593
4.67657
4.68724
4.69793
4.70865
4.71939
4.73016
4.74095
4.75176
4.7626
4.77346
4.78435
4.79527
4.80621
4.81717
4.82816
4.83917
4.85021
4.86127
4.87236
4.88348
4.89462
4.90578
4.91697
4.92819
4.93943
4.9507
4.96199
4.97331
4.98466
4.99603
5.00742
5.01885
5.0303
5.04177
5.05327
5.0648
5.07635
5.08793
5.09954
5.11117
5.12283
5.13452
5.14623
5.15797
5.16973
5.18153
5.19335
5.20519
5.21707
5.22897
5.2409
5.25285
5.26483
5.27684
5.28888
5.30095
5.31304
5.32516
5.3373
5.34948
5.36168
5.37391
5.38617
5.39846
5.41077
5.42312
5.43549
5.44789
5.46031
5.47277
5.48525
5.49777
5.51031
5.52288
5.53548
5.5481
5.56076
5.57344
5.58616
5.5989
5.61167
5.62447
5.6373
5.65016
5.66305
5.67597
5.68892
5.70189
5.7149
5.72794
5.741
5.7541
5.76723
5.78038
5.79357
5.80678
5.82003
5.83331
5.84661
5.85995
5.87332
5.88671
5.90014
5.9136
5.92709
5.94061
5.95416
5.96775
5.98136
5.995
6.00868
6.02238
6.03612
6.04989
6.06369
6.07752
6.09139
6.10528
6.11921
6.13317
6.14716
6.16118
6.17524
6.18932
6.20344
6.21759
6.23178
6.24599
6.26024
6.27452
6.28883
6.30318
6.31756
6.33197
6.34641
6.36089
6.3754
6.38994
6.40452
6.41913
6.43377
6.44845
6.46316
6.4779
6.49268
6.50749
6.52233
6.53721
6.55212
6.56707
6.58205
6.59707
6.61211
6.6272
6.64232
6.65747
6.67265
6.68787
6.70313
6.71842
6.73375
6.74911
6.7645
6.77993
6.7954
6.8109
6.82644
6.84201
6.85762
6.87326
6.88894
6.90465
6.9204
6.93619
6.95201
6.96787
6.98377
6.9997
7.01566
7.03167
7.04771
7.06379
7.0799
7.09605
7.11224
7.12846
7.14472
7.16102
7.17735
7.19373
7.21014
7.22658
7.24307
7.25959
7.27615
7.29275
7.30939
7.32606
7.34277
7.35952
7.37631
7.39314
7.41
7.4269
7.44385
7.46083
7.47784
7.4949
7.512
7.52914
7.54631
7.56352
7.58078
7.59807
7.6154
7.63277
7.65019
7.66764
7.68513
7.70266
7.72023
7.73784
7.75549
7.77318
7.79092
7.80869
7.8265
7.84435
7.86225
7.88018
7.89816
7.91617
7.93423
7.95233
7.97047
7.98865
8.00688
8.02514
8.04345
8.0618
8.08019
8.09862
8.11709
8.13561
8.15417
8.17277
8.19141
8.2101
8.22883
8.2476
8.26641
8.28527
8.30417
8.32311
8.3421
8.36113
8.3802
8.39931
8.41847
8.43768
8.45693
8.47622
8.49555
8.51493
8.53436
8.55382
8.57334
8.59289
8.61249
8.63214
8.65183
8.67157
8.69135
8.71118
8.73105
8.75096
8.77093
8.79093
8.81099
8.83109
8.85123
8.87142
8.89166
8.91194
8.93227
8.95265
8.97307
8.99354
9.01405
9.03462
9.05522
9.07588
9.09658
9.11733
9.13813
9.15898
9.17987
9.20081
9.2218
9.24284
9.26392
9.28505
9.30623
9.32746
9.34874
9.37006
9.39144
9.41286
9.43433
9.45586
9.47743
9.49904
9.52071
9.54243
9.5642
9.58602
9.60788
9.6298
9.65177
9.67378
9.69585
9.71797
9.74014
9.76236
9.78462
9.80694
9.82932
9.85174
9.87421
9.89674
9.91931
9.94194
9.96462
9.98735
10.0101
10.033
10.0559
10.0788
10.1018
10.1248
10.1479
10.1711
10.1943
10.2175
10.2408
10.2642
10.2876
10.3111
10.3346
10.3582
10.3818
10.4055
10.4292
10.453
10.4769
10.5008
10.5247
10.5487
10.5728
10.5969
10.6211
10.6453
10.6696
10.6939
10.7183
10.7428
10.7673
10.7918
10.8164
10.8411
10.8659
10.8906
10.9155
10.9404
10.9653
10.9904
11.0154
11.0406
11.0657
11.091
11.1163
11.1416
11.1671
11.1925
11.2181
11.2436
11.2693
11.295
11.3208
11.3466
11.3725
11.3984
11.4244
11.4505
11.4766
11.5028
11.529
11.5553
11.5817
11.6081
11.6346
11.6611
11.6877
11.7144
11.7411
11.7679
11.7947
11.8216
11.8486
11.8756
11.9027
11.9299
11.9571
11.9844
12.0117
12.0391
12.0666
12.0941
12.1217
12.1493
12.177
12.2048
12.2327
12.2606
12.2885
12.3166
12.3447
12.3728
12.401
12.4293
12.4577
12.4861
12.5146
12.5431
12.5717
12.6004
12.6292
12.658
12.6868
12.7158
12.7448
12.7739
12.803
12.8322
12.8615
12.8908
12.9202
12.9497
12.9792
13.0088
13.0385
13.0683
13.0981
13.128
13.1579
13.1879
13.218
13.2482
13.2784
13.3087
13.339
13.3694
13.3999
13.4305
13.4612
13.4919
13.5226
13.5535
13.5844
13.6154
13.6464
13.6776
13.7088
13.74
13.7714
13.8028
13.8343
13.8658
13.8975
13.9292
13.961
13.9928
14.0247
14.0567
14.0888
14.1209
14.1531
14.1854
14.2178
14.2502
14.2827
14.3153
14.3479
14.3807
14.4135
14.4464
14.4793
14.5123
14.5454
14.5786
14.6119
14.6452
14.6786
14.7121
14.7457
14.7793
14.813
14.8468
14.8807
14.9146
14.9486
14.9827
15.0169
15.0512
15.0855
15.1199
15.1544
15.189
15.2236
15.2584
15.2932
15.3281
15.363
15.3981
15.4332
15.4684
15.5037
15.539
15.5745
15.61
15.6456
15.6813
15.7171
15.7529
15.7889
15.8249
15.861
15.8972
15.9334
15.9698
16.0062
16.0427
16.0793
16.116
16.1528
16.1896
16.2265
16.2636
16.3007
16.3378
16.3751
16.4125
16.4499
16.4874
16.525
16.5627
16.6005
16.6384
16.6763
16.7144
16.7525
16.7907
16.829
16.8674
16.9059
16.9444
16.9831
17.0218
17.0607
17.0996
17.1386
17.1777
17.2169
17.2561
17.2955
17.335
17.3745
17.4141
17.4539
17.4937
17.5336
17.5736
17.6137
17.6539
17.6941
17.7345
17.7749
17.8155
17.8561
17.8969
17.9377
17.9786
18.0196
18.0607
18.1019
18.1432
18.1846
18.2261
18.2677
18.3093
18.3511
18.393
18.4349
18.477
18.5191
18.5614
18.6037
18.6461
18.6887
18.7313
18.774
18.8169
18.8598
18.9028
18.9459
18.9891
19.0325
19.0759
19.1194
19.163
19.2067
19.2505
19.2944
19.3385
19.3826
19.4268
19.4711
19.5155
19.56
19.6047
19.6494
19.6942
19.7391
19.7841
19.8293
19.8745
19.9198
19.9653
20.0108
20.0565
20.1022
20.1481
20.194
20.2401
20.2863
20.3326
20.3789
20.4254
20.472
20.5187
20.5655
20.6124
20.6595
20.7066
20.7538
20.8012
20.8486
20.8962
20.9438
20.9916
21.0395
21.0875
21.1356
21.1838
21.2321
21.2806
21.3291
21.3778
21.4265
21.4754
21.5244
21.5735
21.6227
21.672
21.7215
21.771
21.8207
21.8705
21.9203
21.9703
22.0205
22.0707
22.121
22.1715
22.2221
22.2728
22.3236
22.3745
22.4255
22.4767
22.528
22.5794
22.6309
22.6825
22.7342
22.7861
22.8381
22.8902
22.9424
22.9947
23.0472
23.0997
23.1524
23.2053
23.2582
23.3112
23.3644
23.4177
23.4711
23.5247
23.5783
23.6321
23.686
23.7401
23.7942
23.8485
23.9029
23.9574
24.0121
24.0668
24.1217
24.1768
24.2319
24.2872
24.3426
24.3981
24.4538
24.5096
24.5655
24.6215
24.6777
24.734
24.7904
24.8469
24.9036
24.9604
25.0174
25.0744
25.1316
25.189
25.2464
25.304
25.3617
25.4196
25.4776
25.5357
25.5939
25.6523
25.7108
25.7695
25.8283
25.8872
25.9463
26.0054
26.0648
26.1242
26.1838
26.2435
26.3034
26.3634
26.4235
26.4838
26.5442
26.6048
26.6655
26.7263
26.7873
26.8484
26.9096
26.971
27.0325
27.0942
27.156
27.2179
27.28
27.3423
27.4046
27.4671
27.5298
27.5926
27.6555
27.7186
27.7819
27.8452
27.9088
27.9724
28.0362
28.1002
28.1643
28.2285
28.2929
28.3575
28.4221
28.487
28.552
28.6171
28.6824
28.7478
28.8134
28.8791
28.945
29.011
29.0772
29.1435
29.21
29.2766
29.3434
29.4104
29.4774
29.5447
29.6121
29.6796
29.7473
29.8152
29.8832
29.9514
30.0197
30.0882
30.1568
30.2256
30.2946
30.3637
30.4329
30.5023
30.5719
30.6417
30.7116
30.7816
30.8518
30.9222
30.9927
31.0634
31.1343
31.2053
31.2765
31.3479
31.4194
31.491
31.5629
31.6349
31.707
31.7794
31.8519
31.9245
31.9973
32.0703
32.1435
32.2168
32.2903
32.364
32.4378
32.5118
32.5859
32.6603
32.7348
32.8095
32.8843
32.9593
33.0345
33.1099
33.1854
33.2611
33.337
33.413
33.4892
33.5656
33.6422
33.7189
33.7958
33.8729
33.9502
34.0276
34.1053
34.1831
34.261
34.3392
34.4175
34.496
34.5747
34.6536
34.7327
34.8119
34.8913
34.9709
35.0507
35.1306
35.2108
35.2911
35.3716
35.4523
35.5331
35.6142
35.6954
35.7769
35.8585
35.9403
36.0223
36.1044
36.1868
36.2693
36.3521
36.435
36.5181
36.6014
36.6849
36.7686
36.8525
36.9365
37.0208
37.1052
37.1899
37.2747
37.3597
37.445
37.5304
37.616
37.7018
37.7878
37.874
37.9604
38.047
38.1338
38.2208
38.3079
38.3953
38.4829
38.5707
38.6587
38.7469
38.8353
38.9239
39.0126
39.1016
39.1908
39.2802
39.3698
39.4596
39.5497
39.6399
39.7303
39.8209
39.9118
40.0028
40.0941
40.1855
40.2772
40.3691
40.4612
40.5535
40.646
40.7387
40.8316
40.9248
41.0181
41.1117
41.2055
41.2995
41.3937
41.4881
41.5827
41.6776
41.7727
41.8679
41.9635
42.0592
42.1551
42.2513
42.3477
42.4443
42.5411
42.6381
42.7354
42.8329
42.9306
43.0285
43.1267
43.225
43.3236
43.4225
43.5215
43.6208
43.7203
43.82
43.92
44.0202
44.1206
44.2212
44.3221
44.4232
44.5246
44.6261
44.7279
44.83
44.9322
45.0347
45.1374
45.2404
45.3436
45.447
45.5507
45.6546
45.7588
45.8632
45.9678
46.0726
46.1777
46.2831
46.3886
46.4945
46.6005
46.7068
46.8134
46.9202
47.0272
47.1345
47.242
47.3498
47.4578
47.566
47.6745
47.7833
47.8923
48.0015
48.111
48.2208
48.3308
48.441
48.5515
48.6623
48.7733
48.8845
48.9961
49.1078
49.2198
49.3321
49.4446
49.5574
49.6705
49.7838
49.8974
50.0112
50.1253
50.2396
50.3542
50.4691
50.5842
50.6996
50.8152
50.9312
51.0473
51.1638
51.2805
51.3975
51.5147
51.6322
51.75
51.8681
51.9864
52.105
52.2238
52.343
52.4624
52.582
52.702
52.8222
52.9427
53.0635
53.1845
53.3058
53.4274
53.5493
53.6715
53.7939
53.9166
54.0396
54.1629
54.2864
54.4102
54.5344
54.6588
54.7834
54.9084
55.0337
55.1592
55.285
55.4111
55.5375
55.6642
55.7912
55.9185
56.046
56.1739
56.302
56.4305
56.5592
56.6882
56.8175
56.9471
57.077
57.2072
57.3377
57.4685
57.5996
57.731
57.8627
57.9947
58.127
58.2596
58.3925
58.5257
58.6592
58.793
58.9271
59.0615
59.1963
59.3313
59.4666
59.6023
59.7383
59.8745
60.0111
60.148
60.2852
60.4227
60.5606
60.6987
60.8372
60.9759
61.115
61.2545
61.3942
61.5342
61.6746
61.8153
61.9563
62.0976
62.2393
62.3813
62.5236
62.6662
62.8091
62.9524
63.096
63.2399
63.3842
63.5288
63.6737
63.819
63.9645
64.1104
64.2567
64.4033
64.5502
64.6974
64.845
64.9929
65.1412
65.2898
65.4387
65.588
65.7376
65.8876
66.0379
66.1885
66.3395
66.4908
66.6425
66.7945
66.9469
67.0996
67.2527
67.4061
67.5598
67.714
67.8684
68.0232
68.1784
68.3339
68.4898
68.646
68.8026
68.9596
69.1169
69.2746
69.4326
69.591
69.7497
69.9088
70.0683
70.2281
70.3883
70.5489
70.7098
70.8711
71.0328
71.1948
71.3572
71.52
71.6832
71.8467
72.0106
72.1748
72.3395
72.5045
72.6699
72.8357
73.0018
73.1683
73.3352
73.5025
73.6702
73.8382
74.0067
74.1755
74.3447
74.5143
74.6843
74.8546
75.0254
75.1965
75.3681
75.54
75.7123
75.885
76.0581
76.2316
76.4055
76.5798
76.7545
76.9296
77.1051
77.281
77.4572
77.6339
77.811
77.9885
78.1664
78.3447
78.5235
78.7026
78.8821
79.062
79.2424
79.4232
79.6043
79.7859
79.9679
80.1503
80.3332
80.5164
80.7001
80.8842
81.0687
81.2536
81.439
81.6248
81.8109
81.9976
82.1846
82.3721
82.56
82.7483
82.9371
83.1263
83.3159
83.506
83.6964
83.8874
84.0787
84.2705
84.4628
84.6554
84.8485
85.0421
85.2361
85.4305
85.6254
85.8207
86.0165
86.2127
86.4094
86.6065
86.804
87.002
87.2005
87.3994
87.5988
87.7986
87.9989
88.1996
88.4008
88.6025
88.8046
89.0072
89.2102
89.4137
89.6177
89.8221
90.027
90.2324
90.4382
90.6445
90.8513
91.0585
91.2662
91.4744
91.6831
91.8922
92.1019
92.312
92.5225
92.7336
92.9451
93.1571
93.3697
93.5826
93.7961
94.0101
94.2245
94.4395
94.6549
94.8708
95.0872
95.3041
95.5215
95.7394
95.9578
96.1767
96.3961
96.616
96.8364
97.0573
97.2787
97.5006
97.723
97.9459
98.1694
98.3933
98.6178
98.8427
99.0682
99.2942
99.5207
99.7477
99.9752
100.203
100.432
100.661
100.891
101.121
101.351
101.583
101.814
102.047
102.279
102.513
102.747
102.981
103.216
103.451
103.687
103.924
104.161
104.398
104.637
104.875
105.115
105.354
105.595
105.836
106.077
106.319
106.561
106.805
107.048
107.292
107.537
107.782
108.028
108.275
108.522
108.769
109.017
109.266
109.515
109.765
110.015
110.266
110.518
110.77
111.023
111.276
111.53
111.784
112.039
112.295
112.551
112.808
113.065
113.323
113.582
113.841
114.1
114.361
114.621
114.883
115.145
115.408
115.671
115.935
116.199
116.464
116.73
116.996
117.263
117.531
117.799
118.067
118.337
118.607
118.877
119.148
119.42
119.693
119.966
120.239
120.514
120.789
121.064
121.34
121.617
121.894
122.173
122.451
122.731
123.01
123.291
123.572
123.854
124.137
124.42
124.704
124.988
125.273
125.559
125.846
126.133
126.42
126.709
126.998
127.287
127.578
127.869
128.16
128.453
128.746
129.04
129.334
129.629
129.925
130.221
130.518
130.816
131.114
131.413
131.713
132.014
132.315
132.616
132.919
133.222
133.526
133.831
134.136
134.442
134.749
135.056
135.364
135.673
135.982
136.293
136.603
136.915
137.227
137.54
137.854
138.169
138.484
138.8
139.116
139.434
139.752
140.071
140.39
140.71
141.031
141.353
141.675
141.999
142.323
142.647
142.973
143.299
143.626
143.953
144.282
144.611
144.941
145.271
145.603
145.935
146.268
146.601
146.936
147.271
147.607
147.944
148.281
148.619
148.958
149.298
149.639
149.98
150.322
150.665
151.009
151.353
151.699
152.045
152.391
152.739
153.087
153.437
153.787
154.137
154.489
154.842
155.195
155.549
155.904
156.259
156.616
156.973
157.331
157.69
158.05
158.41
158.772
159.134
159.497
159.861
160.225
160.591
160.957
161.324
161.692
162.061
162.431
162.801
163.173
163.545
163.918
164.292
164.667
165.042
165.419
165.796
166.174
166.553
166.933
167.314
167.696
168.078
168.462
168.846
169.231
169.617
170.004
170.392
170.781
171.17
171.561
171.952
172.344
172.737
173.131
173.526
173.922
174.319
174.717
175.115
175.515
175.915
176.316
176.718
177.122
177.526
177.931
178.336
178.743
179.151
179.56
179.969
180.38
180.791
181.204
181.617
182.031
182.447
182.863
183.28
183.698
184.117
184.537
184.958
185.38
185.803
186.227
186.651
187.077
187.504
187.932
188.36
188.79
189.221
189.652
190.085
190.518
190.953
191.389
191.825
192.263
192.701
193.141
193.582
194.023
194.466
194.909
195.354
195.8
196.246
196.694
197.143
197.592
198.043
198.495
198.948
199.401
199.856
200.312
200.769
201.227
201.686
202.146
202.607
203.07
203.533
203.997
204.462
204.929
205.396
205.865
206.334
206.805
207.277
207.75
208.224
208.699
209.175
209.652
210.13
210.609
211.09
211.571
212.054
212.538
213.022
213.508
213.995
214.484
214.973
215.463
215.955
216.447
216.941
217.436
217.932
218.429
218.927
219.427
219.927
220.429
220.932
221.436
221.941
222.447
222.955
223.463
223.973
224.484
224.996
225.509
226.024
226.539
227.056
227.574
228.093
228.613
229.135
229.658
230.181
230.707
231.233
231.76
232.289
232.819
233.35
233.882
234.416
234.951
235.486
236.024
236.562
237.102
237.643
238.185
238.728
239.273
239.818
240.365
240.914
241.463
242.014
242.566
243.119
243.674
244.23
244.787
245.345
245.905
246.466
247.028
247.592
248.157
248.723
249.29
249.859
250.429
251
251.572
252.146
252.722
253.298
253.876
254.455
255.035
255.617
256.2
256.785
257.37
257.958
258.546
259.136
259.727
260.319
260.913
261.508
262.105
262.703
263.302
263.903
264.505
265.108
265.713
266.319
266.926
267.535
268.146
268.757
269.37
269.985
270.601
271.218
271.837
272.457
273.078
273.701
274.326
274.951
275.579
276.207
276.837
277.469
278.102
278.736
279.372
280.009
280.648
281.288
281.93
282.573
283.217
283.864
284.511
285.16
285.811
286.463
287.116
287.771
288.427
289.085
289.745
290.406
291.068
291.732
292.398
293.065
293.733
294.403
295.075
295.748
296.423
297.099
297.776
298.456
299.137
299.819
300.503
301.188
301.875
302.564
303.254
303.946
304.639
305.334
306.031
306.729
307.428
308.13
308.833
309.537
310.243
310.951
311.66
312.371
313.084
313.798
314.514
315.231
315.95
316.671
317.393
318.117
318.843
319.57
320.299
321.03
321.762
322.496
323.232
323.969
324.708
325.449
326.191
326.936
327.681
328.429
329.178
329.929
330.682
331.436
332.192
332.95
333.709
334.47
335.233
335.998
336.765
337.533
338.303
339.074
339.848
340.623
341.4
342.179
342.96
343.742
344.526
345.312
346.1
346.889
347.68
348.474
349.268
350.065
350.864
351.664
352.466
353.27
354.076
354.884
355.693
356.505
357.318
358.133
358.95
359.769
360.59
361.412
362.237
363.063
363.891
364.721
365.553
366.387
367.223
368.06
368.9
369.742
370.585
371.43
372.278
373.127
373.978
374.831
375.686
376.543
377.402
378.263
379.126
379.991
380.857
381.726
382.597
383.47
384.345
385.221
386.1
386.981
387.864
388.748
389.635
390.524
391.415
392.308
393.203
394.099
394.998
395.9
396.803
397.708
398.615
399.524
400.436
401.349
402.265
403.182
404.102
405.024
405.948
406.874
407.802
408.732
409.664
410.599
411.536
412.474
413.415
414.358
415.304
416.251
417.2
418.152
419.106
420.062
421.02
421.981
422.943
423.908
424.875
425.844
426.816
427.789
428.765
429.743
430.724
431.706
432.691
433.678
434.667
435.659
436.652
437.649
438.647
439.647
440.65
441.656
442.663
443.673
444.685
445.699
446.716
447.735
448.756
449.78
450.806
451.834
452.865
453.898
454.934
455.971
457.011
458.054
459.099
460.146
461.196
462.248
463.302
464.359
465.418
466.48
467.544
468.611
469.68
470.751
471.825
472.901
473.98
475.061
476.145
477.231
478.32
479.411
480.504
481.6
482.699
483.8
484.904
486.01
487.119
488.23
489.343
490.46
491.579
492.7
493.824
494.95
496.079
497.211
498.345
499.482
500.621
501.763
502.908
504.055
505.205
506.357
507.512
508.67
509.83
510.993
512.159
513.327
514.498
515.672
516.848
518.027
519.209
520.393
521.581
522.77
523.963
525.158
526.356
527.557
528.76
529.966
531.175
532.387
533.601
534.819
536.039
537.261
538.487
539.715
540.946
542.18
543.417
544.657
545.899
547.145
548.393
549.644
550.897
552.154
553.414
554.676
555.941
557.21
558.481
559.755
561.031
562.311
563.594
564.88
566.168
567.46
568.754
570.052
571.352
572.655
573.962
575.271
576.583
577.898
579.217
580.538
581.862
583.189
584.52
585.853
587.19
588.529
589.872
591.217
592.566
593.918
595.272
596.63
597.991
599.355
600.723
602.093
603.466
604.843
606.223
607.606
608.992
610.381
611.773
613.169
614.567
615.969
617.374
618.783
620.194
621.609
623.027
624.448
625.873
627.3
628.731
630.165
631.603
633.044
634.488
635.935
637.386
638.84
640.297
641.758
643.222
644.689
646.16
647.633
649.111
650.592
652.076
653.563
655.054
656.548
658.046
659.547
661.052
662.559
664.071
665.586
667.104
668.626
670.151
671.68
673.212
674.748
676.287
677.829
679.376
680.925
682.479
684.036
685.596
687.16
688.727
690.298
691.873
693.451
695.033
696.619
698.208
699.8
701.397
702.997
704.6
706.208
707.819
709.433
711.052
712.674
714.299
715.929
717.562
719.199
720.839
722.484
724.132
725.784
727.439
729.099
730.762
732.429
734.1
735.774
737.453
739.135
740.821
742.511
744.204
745.902
747.604
749.309
751.018
752.731
754.449
756.17
757.894
759.623
761.356
763.093
764.834
766.578
768.327
770.08
771.836
773.597
775.362
777.13
778.903
780.68
782.461
784.246
786.035
787.828
789.625
791.426
793.231
795.041
796.854
798.672
800.494
802.32
804.15
805.985
807.823
809.666
811.513
813.364
815.22
817.079
818.943
820.811
822.684
824.56
826.441
828.326
830.216
832.11
834.008
835.91
837.817
839.728
841.644
843.564
845.488
847.417
849.35
851.287
853.229
855.176
857.126
859.082
861.041
863.005
864.974
866.947
868.925
870.907
872.894
874.885
876.88
878.881
880.886
882.895
884.909
886.928
888.951
890.979
893.011
895.048
897.09
899.136
901.187
903.243
905.304
907.369
909.438
911.513
913.592
915.676
917.765
919.859
921.957
924.06
926.168
928.281
930.398
932.521
934.648
936.78
938.917
941.059
943.205
945.357
947.513
949.675
951.841
954.012
956.189
958.37
960.556
962.747
964.943
967.144
969.351
971.562
973.778
975.999
978.226
980.457
982.694
984.936
987.182
989.434
991.691
993.953
996.221
998.493
1000.77
1003.05
1005.34
1007.64
1009.93
1012.24
1014.55
1016.86
1019.18
1021.51
1023.84
1026.17
1028.51
1030.86
1033.21
1035.57
1037.93
1040.3
1042.67
1045.05
1047.43
1049.82
1052.22
1054.62
1057.02
1059.43
1061.85
1064.27
1066.7
1069.13
1071.57
1074.02
1076.47
1078.92
1081.38
1083.85
1086.32
1088.8
1091.28
1093.77
1096.27
1098.77
1101.28
1103.79
1106.31
1108.83
1111.36
1113.89
1116.44
1118.98
1121.53
1124.09
1126.66
1129.23
1131.8
1134.38
1136.97
1139.57
1142.17
1144.77
1147.38
1150
1152.62
1155.25
1157.89
1160.53
1163.18
1165.83
1168.49
1171.15
1173.83
1176.5
1179.19
1181.88
1184.57
1187.28
1189.98
1192.7
1195.42
1198.15
1200.88
1203.62
1206.36
1209.12
1211.87
1214.64
1217.41
1220.19
1222.97
1225.76
1228.56
1231.36
1234.17
1236.98
1239.8
1242.63
1245.47
1248.31
1251.16
1254.01
1256.87
1259.74
1262.61
1265.49
1268.38
1271.27
1274.17
1277.08
1279.99
1282.91
1285.84
1288.77
1291.71
1294.66
1297.61
1300.57
1303.54
1306.51
1309.49
1312.48
1315.47
1318.47
1321.48
1324.49
1327.52
1330.54
1333.58
1336.62
1339.67
1342.73
1345.79
1348.86
1351.94
1355.02
1358.11
1361.21
1364.31
1367.43
1370.55
1373.67
1376.81
1379.95
1383.09
1386.25
1389.41
1392.58
1395.76
1398.94
1402.13
1405.33
1408.54
1411.75
1414.97
1418.2
1421.43
1424.68
1427.93
1431.18
1434.45
1437.72
1441
1444.29
1447.58
1450.88
1454.19
1457.51
1460.84
1464.17
1467.51
1470.86
1474.21
1477.57
1480.94
1484.32
1487.71
1491.1
1494.5
1497.91
1501.33
1504.75
1508.19
1511.63
1515.07
1518.53
1522
1525.47
1528.95
1532.43
1535.93
1539.43
1542.95
1546.47
1549.99
1553.53
1557.07
1560.62
1564.18
1567.75
1571.33
1574.91
1578.51
1582.11
1585.72
1589.33
1592.96
1596.59
1600.23
1603.88
1607.54
1611.21
1614.89
1618.57
1622.26
1625.96
1629.67
1633.39
1637.11
1640.85
1644.59
1648.34
1652.1
1655.87
1659.65
1663.44
1667.23
1671.03
1674.85
1678.67
1682.49
1686.33
1690.18
1694.04
1697.9
1701.77
1705.65
1709.55
1713.45
1717.35
1721.27
1725.2
1729.13
1733.08
1737.03
1740.99
1744.96
1748.95
1752.93
1756.93
1760.94
1764.96
1768.98
1773.02
1777.06
1781.12
1785.18
1789.25
1793.33
1797.43
1801.53
1805.64
1809.75
1813.88
1818.02
1822.17
1826.32
1830.49
1834.67
1838.85
1843.05
1847.25
1851.46
1855.69
1859.92
1864.16
1868.42
1872.68
1876.95
1881.23
1885.52
1889.82
1894.13
1898.45
1902.79
1907.13
1911.48
1915.84
1920.21
1924.59
1928.98
1933.38
1937.79
1942.21
1946.64
1951.08
1955.53
1959.99
1964.46
1968.94
1973.43
1977.94
1982.45
1986.97
1991.5
1996.05
2000.6
2005.16
2009.74
2014.32
2018.92
2023.52
2028.14
2032.76
2037.4
2042.05
2046.71
2051.38
2056.06
2060.75
2065.45
2070.16
2074.88
2079.61
2084.36
2089.11
2093.88
2098.65
2103.44
2108.24
2113.05
2117.87
2122.7
2127.54
2132.4
2137.26
2142.13
2147.02
2151.92
2156.83
2161.75
2166.68
2171.62
2176.58
2181.54
2186.52
2191.5
2196.5
2201.51
2206.54
2211.57
2216.61
2221.67
2226.74
2231.82
2236.91
2242.01
2247.13
2252.25
2257.39
2262.54
2267.7
2272.87
2278.06
2283.25
2288.46
2293.68
2298.92
2304.16
2309.42
2314.68
2319.96
2325.26
2330.56
2335.88
2341.21
2346.55
2351.9
2357.26
2362.64
2368.03
2373.43
2378.85
2384.27
2389.71
2395.16
2400.63
2406.1
2411.59
2417.09
2422.61
2428.13
2433.67
2439.22
2444.79
2450.36
2455.95
2461.56
2467.17
2472.8
2478.44
2484.09
2489.76
2495.44
2501.13
2506.84
2512.56
2518.29
2524.03
2529.79
2535.56
2541.34
2547.14
2552.95
2558.78
2564.61
2570.46
2576.33
2582.2
2588.09
2594
2599.92
2605.85
2611.79
2617.75
2623.72
2629.7
2635.7
2641.72
2647.74
2653.78
2659.84
2665.9
2671.98
2678.08
2684.19
2690.31
2696.45
2702.6
2708.76
2714.94
2721.14
2727.34
2733.57
2739.8
2746.05
2752.31
2758.59
2764.89
2771.19
2777.51
2783.85
2790.2
2796.57
2802.94
2809.34
2815.75
2822.17
2828.61
2835.06
2841.53
2848.01
2854.51
2861.02
2867.54
2874.09
2880.64
2887.21
2893.8
2900.4
2907.02
2913.65
2920.29
2926.96
2933.63
2940.32
2947.03
2953.75
2960.49
2967.25
2974.01
2980.8
2987.6
2994.41
3001.24
3008.09
3014.95
3021.83
3028.72
3035.63
3042.56
3049.5
3056.45
3063.43
3070.41
3077.42
3084.44
3091.47
3098.53
3105.59
3112.68
3119.78
3126.89
3134.03
3141.18
3148.34
3155.52
3162.72
3169.94
3177.17
3184.42
3191.68
3198.96
3206.26
3213.57
3220.9
3228.25
3235.61
3242.99
3250.39
3257.81
3265.24
3272.69
3280.15
3287.63
3295.13
3302.65
3310.18
3317.74
3325.3
3332.89
3340.49
3348.11
3355.75
3363.4
3371.08
3378.77
3386.47
3394.2
3401.94
3409.7
3417.48
3425.28
3433.09
3440.92
3448.77
3456.64
3464.52
3472.43
3480.35
3488.29
3496.24
3504.22
3512.21
3520.22
3528.25
3536.3
3544.37
3552.45
3560.56
3568.68
3576.82
3584.98
3593.16
3601.35
3609.57
3617.8
3626.06
3634.33
3642.62
3650.93
3659.26
3667.6
3675.97
3684.35
3692.76
3701.18
3709.63
3718.09
3726.57
3735.07
3743.59
3752.13
3760.69
3769.27
3777.87
3786.48
3795.12
3803.78
3812.46
3821.15
3829.87
3838.6
3847.36
3856.14
3864.93
3873.75
3882.59
3891.44
3900.32
3909.22
3918.14
3927.07
3936.03
3945.01
3954.01
3963.03
3972.07
3981.13
3990.21
3999.31
4008.44
4017.58
4026.74
4035.93
4045.14
4054.36
4063.61
4072.88
4082.17
4091.49
4100.82
4110.17
4119.55
4128.95
4138.37
4147.81
4157.27
4166.75
4176.26
4185.78
4195.33
4204.9
4214.49
4224.11
4233.74
4243.4
4253.08
4262.78
4272.51
4282.25
4292.02
4301.81
4311.62
4321.46
4331.32
4341.2
4351.1
4361.03
4370.97
4380.94
4390.94
4400.95
4410.99
4421.06
4431.14
4441.25
4451.38
4461.53
4471.71
4481.91
4492.14
4502.38
4512.65
4522.95
4533.26
4543.61
4553.97
4564.36
4574.77
4585.21
4595.67
4606.15
4616.66
4627.19
4637.74
4648.32
4658.93
4669.55
4680.21
4690.88
4701.58
4712.31
4723.06
4733.83
4744.63
4755.45
4766.3
4777.17
4788.07
4798.99
4809.94
4820.91
4831.91
4842.93
4853.98
4865.05
4876.15
4887.27
4898.42
4909.59
4920.79
4932.02
4943.27
4954.55
4965.85
4977.18
4988.53
4999.91
5011.31
5022.75
5034.2
5045.69
5057.2
5068.73
5080.3
5091.88
5103.5
5115.14
5126.81
5138.5
5150.23
5161.97
5173.75
5185.55
5197.38
5209.24
5221.12
5233.03
5244.97
5256.93
5268.92
5280.94
5292.99
5305.06
5317.16
5329.29
5341.45
5353.64
5365.85
5378.09
5390.36
5402.65
5414.98
5427.33
5439.71
5452.12
5464.55
5477.02
5489.51
5502.04
5514.59
5527.17
5539.77
5552.41
5565.08
5577.77
5590.5
5603.25
5616.03
5628.84
5641.68
5654.55
5667.45
5680.38
5693.34
5706.32
5719.34
5732.39
5745.46
5758.57
5771.71
5784.87
5798.07
5811.29
5824.55
5837.84
5851.15
5864.5
5877.88
5891.29
5904.73
5918.2
5931.7
5945.23
5958.79
5972.38
5986
5999.66
6013.35
6027.06
6040.81
6054.59
6068.4
6082.25
6096.12
6110.03
6123.96
6137.93
6151.94
6165.97
6180.03
6194.13
6208.26
6222.42
6236.62
6250.84
6265.1
6279.39
6293.72
6308.08
6322.46
6336.89
6351.34
6365.83
6380.35
6394.91
6409.49
6424.12
6438.77
6453.46
6468.18
6482.93
6497.72
6512.54
6527.4
6542.29
6557.21
6572.17
6587.16
6602.19
6617.25
6632.35
6647.47
6662.64
6677.84
6693.07
6708.34
6723.64
6738.98
6754.35
6769.76
6785.2
6800.68
6816.19
6831.74
6847.32
6862.94
6878.6
6894.29
6910.02
6925.78
6941.58
6957.41
6973.28
6989.19
7005.13
7021.11
7037.13
7053.18
7069.27
7085.4
7101.56
7117.76
7134
7150.27
7166.58
7182.93
7199.32
7215.74
7232.2
7248.7
7265.23
7281.8
7298.41
7315.06
7331.75
7348.47
7365.24
7382.04
7398.88
7415.76
7432.67
7449.63
7466.62
7483.65
7500.72
7517.83
7534.98
7552.17
7569.4
7586.67
7603.97
7621.32
7638.7
7656.13
7673.59
7691.1
7708.64
7726.23
7743.85
7761.52
7779.22
7796.97
7814.75
7832.58
7850.45
7868.35
7886.3
7904.29
7922.32
7940.4
7958.51
7976.66
7994.86
8013.1
8031.38
8049.7
8068.06
8086.46
8104.91
8123.4
8141.93
8160.5
8179.12
8197.77
8216.47
8235.22
8254
8272.83
8291.7
8310.62
8329.58
8348.58
8367.62
8386.71
8405.84
8425.01
8444.23
8463.5
8482.8
8502.15
8521.55
8540.99
8560.47
8580
8599.57
8619.19
8638.85
8658.55
8678.3
8698.1
8717.94
8737.83
8757.76
8777.74
8797.76
8817.83
8837.95
8858.11
8878.31
8898.57
8918.86
8939.21
8959.6
8980.04
9000.52
9021.06
9041.63
9062.26
9082.93
9103.65
9124.42
9145.23
9166.09
9187
9207.96
9228.96
9250.02
9271.12
9292.27
9313.46
9334.71
9356
9377.34
9398.73
9420.17
9441.66
9463.2
9484.79
9506.42
9528.11
9549.84
9571.63
9593.46
9615.35
9637.28
9659.26
9681.3
9703.38
9725.52
9747.7
9769.94
9792.23
9814.56
9836.95
9859.39
9881.88
9904.42
9927.02
9949.66
9972.36
9995.11
10017.9
10040.8
10063.7
10086.6
10109.6
10132.7
10155.8
10179
10202.2
10225.5
10248.8
10272.2
10295.6
10319.1
10342.6
10366.2
10389.9
10413.6
10437.3
10461.1
10485
10508.9
10532.9
10556.9
10581
10605.1
10629.3
10653.6
10677.9
10702.2
10726.6
10751.1
10775.6
10800.2
10824.9
10849.5
10874.3
10899.1
10924
10948.9
10973.9
10998.9
11024
11049.1
11074.3
11099.6
11124.9
11150.3
11175.7
11201.2
11226.8
11252.4
11278
11303.8
11329.6
11355.4
11381.3
11407.3
11433.3
11459.4
11485.5
11511.7
11538
11564.3
11590.7
11617.1
11643.6
11670.2
11696.8
11723.5
11750.2
11777
11803.9
11830.8
11857.8
11884.9
11912
11939.1
11966.4
11993.7
12021
12048.4
12075.9
12103.5
12131.1
12158.8
12186.5
12214.3
12242.2
12270.1
12298.1
12326.1
12354.2
12382.4
12410.7
12439
12467.4
12495.8
12524.3
12552.9
12581.5
12610.2
12639
12667.8
12696.7
12725.7
12754.7
12783.8
12813
12842.2
12871.5
12900.8
12930.3
12959.8
12989.3
13019
13048.7
13078.4
13108.3
13138.2
13168.1
13198.2
13228.3
13258.4
13288.7
13319
13349.4
13379.8
13410.4
13440.9
13471.6
13502.3
13533.1
13564
13595
13626
13657
13688.2
13719.4
13750.7
13782.1
13813.5
13845
13876.6
13908.3
13940
13971.8
14003.7
14035.6
14067.6
14099.7
14131.9
14164.1
14196.4
14228.8
14261.3
14293.8
14326.4
14359.1
14391.8
14424.7
14457.6
14490.6
14523.6
14556.7
14590
14623.2
14656.6
14690
14723.5
14757.1
14790.8
14824.5
14858.3
14892.2
14926.2
14960.3
14994.4
15028.6
15062.9
15097.2
15131.7
15166.2
15200.8
15235.5
15270.2
15305
15340
15375
15410
15445.2
15480.4
15515.7
15551.1
15586.6
15622.1
15657.8
15693.5
15729.3
15765.2
15801.1
15837.2
15873.3
15909.5
15945.8
15982.2
16018.6
16055.2
16091.8
16128.5
16165.3
16202.2
16239.1
16276.2
16313.3
16350.5
16387.8
16425.2
16462.7
16500.2
16537.9
16575.6
16613.4
16651.3
16689.3
16727.4
16765.5
16803.8
16842.1
16880.5
16919
16957.6
16996.3
17035.1
17073.9
17112.9
17151.9
17191
17230.2
17269.6
17308.9
17348.4
17388
17427.7
17467.4
17507.3
17547.2
17587.2
17627.4
17667.6
17707.9
17748.3
17788.7
17829.3
17870
17910.8
17951.6
17992.6
18033.6
18074.7
18116
18157.3
18198.7
18240.2
18281.8
18323.5
18365.3
18407.2
18449.2
18491.3
18533.5
18575.8
18618.1
18660.6
18703.2
18745.9
18788.6
18831.5
18874.4
18917.5
18960.6
19003.9
19047.2
19090.7
19134.2
19177.9
19221.6
19265.5
19309.4
19353.5
19397.6
19441.9
19486.2
19530.7
19575.2
19619.9
19664.6
19709.5
19754.5
19799.5
19844.7
19889.9
19935.3
19980.8
20026.4
20072.1
20117.8
20163.7
20209.7
20255.8
20302
20348.4
20394.8
20441.3
20487.9
20534.7
20581.5
20628.4
20675.5
20722.7
20769.9
20817.3
20864.8
20912.4
20960.1
21007.9
21055.8
21103.9
21152
21200.3
21248.6
21297.1
21345.7
21394.4
21443.2
21492.1
21541.1
21590.3
21639.5
21688.9
21738.3
21787.9
21837.6
21887.4
21937.4
21987.4
22037.6
22087.8
22138.2
22188.7
22239.3
22290.1
22340.9
22391.9
22443
22494.2
22545.5
22596.9
22648.4
22700.1
22751.9
22803.8
22855.8
22907.9
22960.2
23012.6
23065.1
23117.7
23170.4
23223.3
23276.3
23329.4
23382.6
23435.9
23489.4
23543
23596.7
23650.5
23704.4
23758.5
23812.7
23867
23921.5
23976
24030.7
24085.5
24140.5
24195.6
24250.7
24306.1
24361.5
24417.1
24472.8
24528.6
24584.6
24640.6
24696.9
24753.2
24809.7
24866.2
24923
24979.8
25036.8
25093.9
25151.2
25208.5
25266
25323.7
25381.4
25439.3
25497.4
25555.5
25613.8
25672.3
25730.8
25789.5
25848.3
25907.3
25966.4
26025.6
26085
26144.5
26204.2
26263.9
26323.8
26383.9
26444.1
26504.4
26564.9
26625.5
26686.2
26747.1
26808.1
26869.2
26930.5
26992
27053.5
27115.2
27177.1
27239.1
27301.2
27363.5
27425.9
27488.5
27551.2
27614
27677
27740.2
27803.4
27866.9
27930.4
27994.1
28058
28122
28186.2
28250.5
28314.9
28379.5
28444.2
28509.1
28574.1
28639.3
28704.7
28770.1
28835.8
28901.5
28967.5
29033.6
29099.8
29166.2
29232.7
29299.4
29366.2
29433.2
29500.3
29567.6
29635.1
29702.7
29770.4
29838.4
29906.4
29974.6
30043
30111.5
30180.2
30249.1
30318.1
30387.2
30456.6
30526
30595.7
30665.5
30735.4
30805.5
30875.8
30946.2
31016.8
31087.6
31158.5
31229.6
31300.8
31372.2
31443.8
31515.5
31587.4
31659.4
31731.7
31804.1
31876.6
31949.3
32022.2
32095.2
32168.5
32241.8
32315.4
32389.1
32463
32537
32611.3
32685.6
32760.2
32834.9
32909.8
32984.9
33060.2
33135.6
33211.2
33286.9
33362.8
33439
33515.2
33591.7
33668.3
33745.1
33822.1
33899.2
33976.6
34054.1
34131.8
34209.6
34287.7
34365.9
34444.3
34522.8
34601.6
34680.5
34759.6
34838.9
34918.4
34998
35077.9
35157.9
35238.1
35318.5
35399.1
35479.8
35560.7
35641.9
35723.2
35804.6
35886.3
35968.2
36050.2
36132.5
36214.9
36297.5
36380.3
36463.3
36546.5
36629.8
36713.4
36797.1
36881.1
36965.2
37049.5
37134.1
37218.8
37303.7
37388.8
37474
37559.5
37645.2
37731.1
37817.1
37903.4
37989.9
38076.5
38163.4
38250.5
38337.7
38425.2
38512.8
38600.7
38688.7
38777
38865.4
38954.1
39042.9
39132
39221.3
39310.7
39400.4
39490.3
39580.4
39670.7
39761.2
39851.9
39942.8
40033.9
40125.2
40216.7
40308.5
40400.4
40492.6
40585
40677.5
40770.3
40863.3
40956.5
41050
41143.6
41237.5
41331.5
41425.8
41520.3
41615
41710
41805.1
41900.5
41996
42091.8
42187.9
42284.1
42380.6
42477.2
42574.1
42671.2
42768.6
42866.1
42963.9
43061.9
43160.2
43258.6
43357.3
43456.2
43555.3
43654.7
43754.3
43854.1
43954.1
44054.4
44154.9
44255.6
44356.6
44457.7
44559.1
44660.8
44762.7
44864.8
44967.1
45069.7
45172.5
45275.6
45378.8
45482.4
45586.1
45690.1
45794.3
45898.8
46003.5
46108.4
46213.6
46319
46424.7
46530.6
46636.7
46743.1
46849.7
46956.6
47063.7
47171.1
47278.7
47386.5
47494.6
47603
47711.6
47820.4
47929.5
48038.8
48148.4
48258.2
48368.3
48478.6
48589.2
48700.1
48811.2
48922.5
49034.1
49146
49258.1
49370.4
49483.1
49595.9
49709.1
49822.5
49936.1
50050
50164.2
50278.6
50393.3
50508.3
50623.5
50739
50854.7
50970.7
51087
51203.5
51320.3
51437.4
51554.7
51672.3
51790.2
51908.3
52026.8
52145.4
52264.4
52383.6
52503.1
52622.9
52742.9
52863.2
52983.8
53104.7
53225.8
53347.2
53468.9
53590.9
53713.1
53835.7
53958.5
54081.6
54204.9
54328.6
54452.5
54576.7
54701.2
54826
54951.1
55076.4
55202.1
55328
55454.2
55580.7
55707.5
55834.6
55961.9
56089.6
56217.5
56345.8
56474.3
56603.1
56732.2
56861.7
56991.4
57121.4
57251.7
57382.3
57513.2
57644.4
57775.9
57907.7
58039.7
58172.1
58304.8
58437.8
58571.1
58704.8
58838.7
58972.9
59107.4
59242.2
59377.4
59512.8
59648.6
59784.7
59921
60057.7
60194.7
60332
60469.7
60607.6
60745.9
60884.4
61023.3
61162.5
61302
61441.9
61582
61722.5
61863.3
62004.4
62145.9
62287.6
62429.7
62572.1
62714.9
62857.9
63001.3
63145
63289.1
63433.4
63578.1
63723.2
63868.5
64014.2
64160.2
64306.6
64453.3
64600.3
64747.7
64895.4
65043.4
65191.8
65340.5
65489.6
65638.9
65788.7
65938.8
66089.2
66239.9
66391
66542.5
66694.3
66846.4
66998.9
67151.7
67304.9
67458.4
67612.3
67766.6
67921.1
68076.1
68231.4
68387
68543
68699.4
68856.1
69013.2
69170.6
69328.4
69486.5
69645
69803.9
69963.1
70122.7
70282.7
70443
70603.7
70764.8
70926.2
71088
71250.1
71412.7
71575.6
71738.8
71902.5
72066.5
72230.9
72395.7
72560.8
72726.3
72892.2
73058.5
73225.2
73392.2
73559.6
73727.4
73895.6
74064.2
74233.1
74402.5
74572.2
74742.3
74912.8
75083.7
75254.9
75426.6
75598.7
75771.1
75944
76117.2
76290.8
76464.9
76639.3
76814.1
76989.3
77165
77341
77517.4
77694.2
77871.5
78049.1
78227.1
78405.6
78584.5
78763.7
78943.4
79123.5
79304
79484.9
79666.2
79847.9
80030
80212.6
80395.6
80579
80762.8
80947
81131.7
81316.7
81502.2
81688.2
81874.5
82061.3
82248.5
82436.1
82624.1
82812.6
83001.5
83190.8
83380.6
83570.8
83761.5
83952.5
84144
84336
84528.4
84721.2
84914.4
85108.1
85302.3
85496.9
85691.9
85887.4
86083.3
86279.7
86476.5
86673.7
86871.5
87069.6
87268.2
87467.3
87666.8
87866.8
88067.3
88268.2
88469.5
88671.3
88873.6
89076.3
89279.5
89483.2
89687.3
89891.9
90096.9
90302.5
90508.5
90714.9
90921.9
91129.3
91337.1
91545.5
91754.3
91963.6
92173.4
92383.7
92594.4
92805.6
93017.3
93229.5
93442.2
93655.3
93869
94083.1
94297.7
94512.8
94728.4
94944.5
95161.1
95378.2
95595.7
95813.8
96032.4
96251.4
96471
96691.1
96911.6
97132.7
97354.3
97576.3
97798.9
98022
98245.6
98469.7
98694.4
98919.5
99145.1
99371.3
99598
99825.2
100053
100281
100510
100739
100969
101199
101430
101662
101893
102126
102359
102592
102826
103061
103296
103532
103768
104005
104242
104480
104718
104957
105196
105436
105677
105918
106159
106401
106644
106887
107131
107376
107621
107866
108112
108359
108606
108854
109102
109351
109600
109850
110101
110352
110604
110856
111109
111362
111617
111871
112126
112382
112638
112895
113153
113411
113670
113929
114189
114449
114710
114972
115234
115497
115761
116025
116289
116555
116821
117087
117354
117622
117890
118159
118429
118699
118970
119241
119513
119786
120059
120333
120607
120882
121158
121434
121711
121989
122267
122546
122826
123106
123387
123668
123950
124233
124517
124801
125085
125371
125657
125943
126231
126519
126807
127096
127386
127677
127968
128260
128553
128846
129140
129434
129730
130026
130322
130619
130917
131216
131515
131815
132116
132417
132720
133022
133326
133630
133935
134240
134546
134853
135161
135469
135778
136088
136398
136710
137021
137334
137647
137961
138276
138591
138908
139224
139542
139860
140179
140499
140820
141141
141463
141786
142109
142433
142758
143084
143410
143737
144065
144394
144723
145053
145384
145716
146048
146381
146715
147050
147385
147722
148059
148396
148735
149074
149414
149755
150097
150439
150782
151126
151471
151816
152163
152510
152858
153206
153556
153906
154257
154609
154962
155315
155670
156025
156381
156737
157095
157453
157812
158172
158533
158895
159257
159621
159985
160350
160715
161082
161449
161818
162187
162557
162928
163299
163672
164045
164419
164794
165170
165547
165925
166303
166683
167063
167444
167826
168209
168593
168977
169363
169749
170136
170524
170913
171303
171694
172085
172478
172871
173266
173661
174057
174454
174852
175251
175651
176052
176453
176856
177259
177663
178069
178475
178882
179290
179699
180109
180520
180932
181344
181758
182173
182588
183005
183422
183841
184260
184680
185102
185524
185947
186371
186796
187222
187650
188078
188507
188937
189368
189800
190233
190666
191101
191537
191974
192412
192851
193291
193732
194174
194617
195061
195506
195952
196399
196847
197296
197746
198197
198649
199102
199556
200012
200468
200925
201383
201843
202303
202765
203227
203691
204155
204621
205088
205556
206025
206495
206966
207438
207911
208385
208861
209337
209815
210293
210773
211254
211736
212219
212703
213188
213674
214162
214650
215140
215631
216123
216616
217110
217605
218101
218599
219097
219597
220098
220600
221103
221608
222113
222620
223128
223637
224147
224658
225171
225684
226199
226715
227232
227751
228270
228791
229313
229836
230360
230886
231412
231940
232469
233000
233531
234064
234598
235133
235669
236207
236746
237286
237827
238370
238913
239458
240005
240552
241101
241651
242202
242755
243308
243863
244420
244977
245536
246096
246657
247220
247784
248349
248916
249484
250053
250623
251195
251768
252342
252918
253495
254073
254653
255233
255816
256399
256984
257570
258158
258747
259337
259929
260522
261116
261711
262308
262907
263507
264108
264710
265314
265919
266526
267134
267743
268354
268966
269580
270195
270811
271429
272048
272668
273290
273914
274539
275165
275793
276422
277052
277684
278318
278953
279589
280227
280866
281507
282149
282792
283437
284084
284732
285382
286033
286685
287339
287994
288651
289310
289970
290631
291294
291959
292625
293292
293961
294632
295304
295978
296653
297329
298008
298688
299369
300052
300736
301422
302110
302799
303490
304182
304876
305571
306268
306967
307667
308369
309073
309778
310484
311193
311902
312614
313327
314042
314758
315476
316196
316917
317640
318365
319091
319819
320548
321279
322012
322747
323483
324221
324961
325702
326445
327190
327936
328684
329434
330185
330938
331693
332450
333208
333968
334730
335494
336259
337026
337795
338566
339338
340112
340888
341665
342445
343226
344009
344794
345580
346368
347159
347950
348744
349540
350337
351136
351937
352740
353545
354351
355160
355970
356782
357596
358411
359229
360048
360870
361693
362518
363345
364174
365004
365837
366672
367508
368346
369187
370029
370873
371719
372567
373417
374268
375122
375978
376836
377695
378557
379420
380286
381153
382023
382894
383768
384643
385521
386400
387281
388165
389050
389938
390827
391719
392612
393508
394406
395305
396207
397111
398017
398925
399835
400747
401661
402577
403495
404416
405338
406263
407190
408119
409050
409983
410918
411855
412795
413736
414680
415626
416574
417525
418477
419432
420388
421347
422308
423272
424237
425205
426175
427147
428122
429098
430077
431058
432041
433027
434015
435005
435997
436992
437988
438988
439989
440993
441999
443007
444017
445030
446045
447063
448083
449105
450129
451156
452185
453217
454251
455287
456325
457366
458410
459455
460504
461554
462607
463662
464720
465780
466842
467907
468975
470044
471117
472191
473269
474348
475430
476515
477602
478691
479783
480878
481975
483074
484176
485280
486387
487497
488609
489724
490841
491960
493083
494207
495335
496465
497597
498732
499870
501010
502153
503299
504447
505597
506751
507907
509065
510227
511390
512557
513726
514898
516073
517250
518430
519612
520798
521986
523176
524370
525566
526765
527967
529171
530378
531588
532800
534016
535234
536455
537679
538905
540135
541367
542602
543839
545080
546323
547570
548819
550071
551325
552583
553844
555107
556373
557642
558914
560189
561467
562748
564032
565318
566608
567900
569196
570494
571796
573100
574407
575718
577031
578347
579667
580989
582314
583642
584974
586308
587646
588986
590330
591676
593026
594379
595735
597094
598456
599821
601189
602561
603935
605313
606694
608077
609465
610855
612248
613645
615045
616448
617854
619263
620676
622092
623511
624933
626359
627788
629220
630655
632094
633535
634981
636429
637881
639336
640794
642256
643721
645190
646661
648137
649615
651097
652582
654071
655563
657058
658557
660059
661565
663074
664587
666103
667622
669145
670672
672201
673735
675272
676812
678356
679903
681454
683009
684567
686128
687694
689262
690835
692411
693990
695573
697160
698750
700344
701942
703543
705148
706756
708369
709984
711604
713227
714854
716485
718119
719757
721399
723045
724694
726347
728004
729665
731329
732998
734670
736346
738025
739709
741396
743087
744783
746482
748184
749891
751602
753316
755035
756757
758483
760213
761948
763686
765428
767174
768924
770678
772436
774198
775964
777734
779508
781286
783069
784855
786645
788440
790238
792041
793848
795658
797473
799293
801116
802943
804775
806611
808451
810295
812143
813996
815853
817714
819579
821449
823323
825201
827083
828970
830861
832756
834656
836560
838468
840381
842298
844219
846145
848075
850010
851949
853892
855840
857792
859749
861710
863676
865646
867621
869600
871583
873572
875564
877562
879563
881570
883581
885596
887617
889641
891671
893705
895743
897787
899835
901887
903945
906007
908073
910145
912221
914302
916388
918478
920573
922673
924778
926887
929002
931121
933245
935374
937508
939646
941790
943938
946091
948249
950412
952580
954753
956931
959114
961302
963495
965693
967896
970104
972317
974535
976758
978986
981219
983457
985701
987949
990203
992462
994726
996995
999269
1.00155e+06
1.00383e+06
1.00612e+06
1.00842e+06
1.01072e+06
1.01302e+06
1.01533e+06
1.01765e+06
1.01997e+06
1.0223e+06
1.02463e+06
1.02697e+06
1.02931e+06
1.03166e+06
1.03401e+06
1.03637e+06
1.03874e+06
1.0411e+06
1.04348e+06
1.04586e+06
1.04825e+06
1.05064e+06
1.05303e+06
1.05544e+06
1.05784e+06
1.06026e+06
1.06267e+06
1.0651e+06
1.06753e+06
1.06996e+06
1.0724e+06
1.07485e+06
1.0773e+06
1.07976e+06
1.08222e+06
1.08469e+06
1.08717e+06
1.08965e+06
1.09213e+06
1.09462e+06
1.09712e+06
1.09962e+06
1.10213e+06
1.10465e+06
1.10717e+06
1.10969e+06
1.11222e+06
1.11476e+06
1.1173e+06
1.11985e+06
1.12241e+06
1.12497e+06
1.12753e+06
1.1301e+06
1.13268e+06
1.13527e+06
1.13786e+06
1.14045e+06
1.14305e+06
1.14566e+06
1.14827e+06
1.15089e+06
1.15352e+06
1.15615e+06
1.15879e+06
1.16143e+06
1.16408e+06
1.16674e+06
1.1694e+06
1.17206e+06
1.17474e+06
1.17742e+06
1.1801e+06
1.1828e+06
1.18549e+06
1.1882e+06
1.19091e+06
1.19362e+06
1.19635e+06
1.19908e+06
1.20181e+06
1.20455e+06
1.2073e+06
1.21006e+06
1.21282e+06
1.21558e+06
1.21835e+06
1.22113e+06
1.22392e+06
1.22671e+06
1.22951e+06
1.23231e+06
1.23513e+06
1.23794e+06
1.24077e+06
1.2436e+06
1.24643e+06
1.24928e+06
1.25213e+06
1.25498e+06
1.25785e+06
1.26072e+06
1.26359e+06
1.26647e+06
1.26936e+06
1.27226e+06
1.27516e+06
1.27807e+06
1.28099e+06
1.28391e+06
1.28684e+06
1.28977e+06
1.29271e+06
1.29566e+06
1.29862e+06
1.30158e+06
1.30455e+06
1.30753e+06
1.31051e+06
1.3135e+06
1.31649e+06
1.3195e+06
1.32251e+06
1.32552e+06
1.32855e+06
1.33158e+06
1.33462e+06
1.33766e+06
1.34071e+06
1.34377e+06
1.34683e+06
1.34991e+06
1.35299e+06
1.35607e+06
1.35917e+06
1.36227e+06
1.36537e+06
1.36849e+06
1.37161e+06
1.37474e+06
1.37788e+06
1.38102e+06
1.38417e+06
1.38733e+06
1.39049e+06
1.39366e+06
1.39684e+06
1.40003e+06
1.40322e+06
1.40642e+06
1.40963e+06
1.41285e+06
1.41607e+06
1.4193e+06
1.42254e+06
1.42578e+06
1.42903e+06
1.43229e+06
1.43556e+06
1.43884e+06
1.44212e+06
1.44541e+06
1.44871e+06
1.45201e+06
1.45532e+06
1.45864e+06
1.46197e+06
1.4653e+06
1.46865e+06
1.472e+06
1.47536e+06
1.47872e+06
1.48209e+06
1.48547e+06
1.48886e+06
1.49226e+06
1.49566e+06
1.49908e+06
1.5025e+06
1.50592e+06
1.50936e+06
1.5128e+06
1.51625e+06
1.51971e+06
1.52318e+06
1.52665e+06
1.53013e+06
1.53362e+06
1.53712e+06
1.54063e+06
1.54414e+06
1.54767e+06
1.5512e+06
1.55474e+06
1.55828e+06
1.56184e+06
1.5654e+06
1.56897e+06
1.57255e+06
1.57614e+06
1.57973e+06
1.58334e+06
1.58695e+06
1.59057e+06
1.5942e+06
1.59783e+06
1.60148e+06
1.60513e+06
1.60879e+06
1.61246e+06
1.61614e+06
1.61983e+06
1.62352e+06
1.62722e+06
1.63094e+06
1.63466e+06
1.63839e+06
1.64212e+06
1.64587e+06
1.64962e+06
1.65339e+06
1.65716e+06
1.66094e+06
1.66473e+06
1.66853e+06
1.67233e+06
1.67615e+06
1.67997e+06
1.6838e+06
1.68764e+06
1.69149e+06
1.69535e+06
1.69922e+06
1.70309e+06
1.70698e+06
1.71087e+06
1.71478e+06
1.71869e+06
1.72261e+06
1.72654e+06
1.73048e+06
1.73442e+06
1.73838e+06
1.74235e+06
1.74632e+06
1.7503e+06
1.7543e+06
1.7583e+06
1.76231e+06
1.76633e+06
1.77036e+06
1.7744e+06
1.77844e+06
1.7825e+06
1.78657e+06
1.79064e+06
1.79473e+06
1.79882e+06
1.80293e+06
1.80704e+06
1.81116e+06
1.81529e+06
1.81943e+06
1.82358e+06
1.82774e+06
1.83191e+06
1.83609e+06
1.84028e+06
1.84448e+06
1.84868e+06
1.8529e+06
1.85713e+06
1.86136e+06
1.86561e+06
1.86987e+06
1.87413e+06
1.87841e+06
1.88269e+06
1.88699e+06
1.89129e+06
1.89561e+06
1.89993e+06
1.90426e+06
1.90861e+06
1.91296e+06
1.91732e+06
1.9217e+06
1.92608e+06
1.93048e+06
1.93488e+06
1.93929e+06
1.94372e+06
1.94815e+06
1.9526e+06
1.95705e+06
1.96151e+06
1.96599e+06
1.97047e+06
1.97497e+06
1.97947e+06
1.98399e+06
1.98851e+06
1.99305e+06
1.9976e+06
2.00215e+06
2.00672e+06
2.0113e+06
2.01589e+06
2.02048e+06
2.02509e+06
2.02971e+06
2.03434e+06
2.03898e+06
2.04363e+06
2.0483e+06
2.05297e+06
2.05765e+06
2.06235e+06
2.06705e+06
2.07177e+06
2.07649e+06
2.08123e+06
2.08598e+06
2.09073e+06
2.0955e+06
2.10028e+06
2.10507e+06
2.10988e+06
2.11469e+06
2.11951e+06
2.12435e+06
2.12919e+06
2.13405e+06
2.13892e+06
2.1438e+06
2.14869e+06
2.15359e+06
2.1585e+06
2.16343e+06
2.16836e+06
2.17331e+06
2.17827e+06
2.18323e+06
2.18822e+06
2.19321e+06
2.19821e+06
2.20322e+06
2.20825e+06
2.21329e+06
2.21834e+06
2.2234e+06
2.22847e+06
2.23355e+06
2.23865e+06
2.24375e+06
2.24887e+06
2.254e+06
2.25914e+06
2.2643e+06
2.26946e+06
2.27464e+06
2.27983e+06
2.28503e+06
2.29024e+06
2.29547e+06
2.3007e+06
2.30595e+06
2.31121e+06
2.31648e+06
2.32177e+06
2.32706e+06
2.33237e+06
2.33769e+06
2.34302e+06
2.34837e+06
2.35373e+06
2.35909e+06
2.36448e+06
2.36987e+06
2.37528e+06
2.38069e+06
2.38613e+06
2.39157e+06
2.39702e+06
2.40249e+06
2.40797e+06
2.41346e+06
2.41897e+06
2.42449e+06
2.43002e+06
2.43556e+06
2.44112e+06
2.44669e+06
2.45227e+06
2.45786e+06
2.46347e+06
2.46909e+06
2.47472e+06
2.48037e+06
2.48602e+06
2.49169e+06
2.49738e+06
2.50308e+06
2.50879e+06
2.51451e+06
2.52024e+06
2.52599e+06
2.53176e+06
2.53753e+06
2.54332e+06
2.54912e+06
2.55494e+06
2.56076e+06
2.5666e+06
2.57246e+06
2.57833e+06
2.58421e+06
2.5901e+06
2.59601e+06
2.60193e+06
2.60787e+06
2.61382e+06
2.61978e+06
2.62576e+06
2.63175e+06
2.63775e+06
2.64377e+06
2.6498e+06
2.65584e+06
2.6619e+06
2.66797e+06
2.67406e+06
2.68016e+06
2.68627e+06
2.6924e+06
2.69854e+06
2.7047e+06
2.71087e+06
2.71705e+06
2.72325e+06
2.72946e+06
2.73569e+06
2.74193e+06
2.74818e+06
2.75445e+06
2.76074e+06
2.76703e+06
2.77335e+06
2.77967e+06
2.78601e+06
2.79237e+06
2.79874e+06
2.80512e+06
2.81152e+06
2.81793e+06
2.82436e+06
2.83081e+06
2.83726e+06
2.84373e+06
2.85022e+06
2.85672e+06
2.86324e+06
2.86977e+06
2.87632e+06
2.88288e+06
2.88946e+06
2.89605e+06
2.90265e+06
2.90927e+06
2.91591e+06
2.92256e+06
2.92923e+06
2.93591e+06
2.94261e+06
2.94932e+06
2.95605e+06
2.96279e+06
2.96955e+06
2.97632e+06
2.98311e+06
2.98992e+06
2.99674e+06
3.00357e+06
3.01043e+06
3.01729e+06
3.02418e+06
3.03108e+06
3.03799e+06
3.04492e+06
3.05187e+06
3.05883e+06
3.0658e+06
3.0728e+06
3.07981e+06
3.08683e+06
3.09387e+06
3.10093e+06
3.10801e+06
3.1151e+06
3.1222e+06
3.12932e+06
3.13646e+06
3.14362e+06
3.15079e+06
3.15798e+06
3.16518e+06
3.1724e+06
3.17964e+06
3.18689e+06
3.19416e+06
3.20145e+06
3.20875e+06
3.21607e+06
3.2234e+06
3.23076e+06
3.23813e+06
3.24551e+06
3.25292e+06
3.26034e+06
3.26777e+06
3.27523e+06
3.2827e+06
3.29019e+06
3.29769e+06
3.30522e+06
3.31276e+06
3.32031e+06
3.32789e+06
3.33548e+06
3.34309e+06
3.35071e+06
3.35836e+06
3.36602e+06
3.3737e+06
3.38139e+06
3.3891e+06
3.39684e+06
3.40458e+06
3.41235e+06
3.42013e+06
3.42794e+06
3.43576e+06
3.44359e+06
3.45145e+06
3.45932e+06
3.46721e+06
3.47512e+06
3.48305e+06
3.491e+06
3.49896e+06
3.50694e+06
3.51494e+06
3.52296e+06
3.53099e+06
3.53905e+06
3.54712e+06
3.55521e+06
3.56332e+06
3.57145e+06
3.5796e+06
3.58776e+06
3.59595e+06
3.60415e+06
3.61237e+06
3.62061e+06
3.62887e+06
3.63715e+06
3.64545e+06
3.65376e+06
3.6621e+06
3.67045e+06
3.67882e+06
3.68722e+06
3.69563e+06
3.70406e+06
3.71251e+06
3.72098e+06
3.72946e+06
3.73797e+06
3.7465e+06
3.75504e+06
3.76361e+06
3.7722e+06
3.7808e+06
3.78942e+06
3.79807e+06
3.80673e+06
3.81542e+06
3.82412e+06
3.83284e+06
3.84159e+06
3.85035e+06
3.85913e+06
3.86794e+06
3.87676e+06
3.8856e+06
3.89447e+06
3.90335e+06
3.91225e+06
3.92118e+06
3.93012e+06
3.93909e+06
3.94807e+06
3.95708e+06
3.96611e+06
3.97515e+06
3.98422e+06
3.99331e+06
4.00242e+06
4.01155e+06
4.0207e+06
4.02987e+06
4.03907e+06
4.04828e+06
4.05751e+06
4.06677e+06
4.07605e+06
4.08534e+06
4.09466e+06
4.104e+06
4.11337e+06
4.12275e+06
4.13215e+06
4.14158e+06
4.15103e+06
4.1605e+06
4.16999e+06
4.1795e+06
4.18903e+06
4.19859e+06
4.20817e+06
4.21777e+06
4.22739e+06
4.23703e+06
4.2467e+06
4.25638e+06
4.26609e+06
4.27582e+06
4.28558e+06
4.29535e+06
4.30515e+06
4.31497e+06
4.32482e+06
4.33468e+06
4.34457e+06
4.35448e+06
4.36441e+06
4.37437e+06
4.38435e+06
4.39435e+06
4.40437e+06
4.41442e+06
4.42449e+06
4.43458e+06
4.4447e+06
4.45484e+06
4.465e+06
4.47518e+06
4.48539e+06
4.49563e+06
4.50588e+06
4.51616e+06
4.52646e+06
4.53679e+06
4.54714e+06
4.55751e+06
4.5679e+06
4.57832e+06
4.58877e+06
4.59924e+06
4.60973e+06
4.62024e+06
4.63078e+06
4.64135e+06
4.65193e+06
4.66254e+06
4.67318e+06
4.68384e+06
4.69453e+06
4.70523e+06
4.71597e+06
4.72673e+06
4.73751e+06
4.74831e+06
4.75915e+06
4.77e+06
4.78088e+06
4.79179e+06
4.80272e+06
4.81368e+06
4.82466e+06
4.83566e+06
4.84669e+06
4.85775e+06
4.86883e+06
4.87994e+06
4.89107e+06
4.90223e+06
4.91341e+06
4.92462e+06
4.93585e+06
4.94711e+06
4.95839e+06
4.9697e+06
4.98104e+06
4.9924e+06
5.00379e+06
5.01521e+06
5.02665e+06
5.03811e+06
5.04961e+06
5.06112e+06
5.07267e+06
5.08424e+06
5.09584e+06
5.10746e+06
5.11911e+06
5.13079e+06
5.1425e+06
5.15423e+06
5.16598e+06
5.17777e+06
5.18958e+06
5.20142e+06
5.21328e+06
5.22518e+06
5.23709e+06
5.24904e+06
5.26101e+06
5.27302e+06
5.28504e+06
5.2971e+06
5.30918e+06
5.32129e+06
5.33343e+06
5.3456e+06
5.35779e+06
5.37002e+06
5.38227e+06
5.39454e+06
5.40685e+06
5.41918e+06
5.43154e+06
5.44393e+06
5.45635e+06
5.4688e+06
5.48127e+06
5.49378e+06
5.50631e+06
5.51887e+06
5.53146e+06
5.54408e+06
5.55672e+06
5.5694e+06
5.58211e+06
5.59484e+06
5.6076e+06
5.62039e+06
5.63321e+06
5.64606e+06
5.65894e+06
5.67185e+06
5.68479e+06
5.69776e+06
5.71076e+06
5.72378e+06
5.73684e+06
5.74993e+06
5.76304e+06
5.77619e+06
5.78936e+06
5.80257e+06
5.81581e+06
5.82907e+06
5.84237e+06
5.8557e+06
5.86906e+06
5.88244e+06
5.89586e+06
5.90931e+06
5.92279e+06
5.9363e+06
5.94984e+06
5.96342e+06
5.97702e+06
5.99065e+06
6.00432e+06
6.01802e+06
6.03174e+06
6.0455e+06
6.05929e+06
6.07312e+06
6.08697e+06
6.10086e+06
6.11477e+06
6.12872e+06
6.1427e+06
6.15671e+06
6.17076e+06
6.18483e+06
6.19894e+06
6.21308e+06
6.22726e+06
6.24146e+06
6.2557e+06
6.26997e+06
6.28427e+06
6.29861e+06
6.31298e+06
6.32738e+06
6.34181e+06
6.35628e+06
6.37078e+06
6.38531e+06
6.39987e+06
6.41447e+06
6.42911e+06
6.44377e+06
6.45847e+06
6.4732e+06
6.48797e+06
6.50277e+06
6.5176e+06
6.53247e+06
6.54737e+06
6.56231e+06
6.57728e+06
6.59228e+06
6.60732e+06
6.62239e+06
6.6375e+06
6.65264e+06
6.66781e+06
6.68302e+06
6.69827e+06
6.71355e+06
6.72886e+06
6.74421e+06
6.7596e+06
6.77502e+06
6.79047e+06
6.80596e+06
6.82149e+06
6.83705e+06
6.85264e+06
6.86828e+06
6.88394e+06
6.89965e+06
6.91539e+06
6.93116e+06
6.94697e+06
6.96282e+06
6.9787e+06
6.99462e+06
7.01058e+06
7.02657e+06
7.0426e+06
7.05866e+06
7.07476e+06
7.0909e+06
7.10708e+06
7.12329e+06
7.13954e+06
7.15583e+06
7.17215e+06
7.18851e+06
7.20491e+06
7.22134e+06
7.23782e+06
7.25433e+06
7.27087e+06
7.28746e+06
7.30408e+06
7.32075e+06
7.33745e+06
7.35418e+06
7.37096e+06
7.38777e+06
7.40463e+06
7.42152e+06
7.43845e+06
7.45541e+06
7.47242e+06
7.48947e+06
7.50655e+06
7.52367e+06
7.54084e+06
7.55804e+06
7.57528e+06
7.59256e+06
7.60988e+06
7.62724e+06
7.64464e+06
7.66208e+06
7.67955e+06
7.69707e+06
7.71463e+06
7.73223e+06
7.74987e+06
7.76755e+06
7.78526e+06
7.80302e+06
7.82082e+06
7.83866e+06
7.85654e+06
7.87447e+06
7.89243e+06
7.91043e+06
7.92848e+06
7.94656e+06
7.96469e+06
7.98286e+06
8.00107e+06
8.01932e+06
8.03761e+06
8.05595e+06
8.07433e+06
8.09274e+06
8.11121e+06
8.12971e+06
8.14825e+06
8.16684e+06
8.18547e+06
8.20414e+06
8.22286e+06
8.24161e+06
8.26041e+06
8.27926e+06
8.29814e+06
8.31707e+06
8.33605e+06
8.35506e+06
8.37412e+06
8.39322e+06
8.41237e+06
8.43156e+06
8.45079e+06
8.47007e+06
8.48939e+06
8.50876e+06
8.52817e+06
8.54762e+06
8.56712e+06
8.58666e+06
8.60625e+06
8.62588e+06
8.64556e+06
8.66528e+06
8.68505e+06
8.70486e+06
8.72471e+06
8.74462e+06
8.76456e+06
8.78456e+06
8.8046e+06
8.82468e+06
8.84481e+06
8.86499e+06
8.88521e+06
8.90548e+06
8.92579e+06
8.94615e+06
8.96656e+06
8.98701e+06
9.00752e+06
9.02806e+06
9.04866e+06
9.0693e+06
9.08999e+06
9.11072e+06
9.1315e+06
9.15234e+06
9.17321e+06
9.19414e+06
9.21511e+06
9.23613e+06
9.2572e+06
9.27832e+06
9.29948e+06
9.3207e+06
9.34196e+06
9.36327e+06
9.38463e+06
9.40604e+06
9.42749e+06
9.449e+06
9.47055e+06
9.49216e+06
9.51381e+06
9.53551e+06
9.55726e+06
9.57906e+06
9.60091e+06
9.62282e+06
9.64477e+06
9.66677e+06
9.68882e+06
9.71092e+06
9.73307e+06
9.75527e+06
9.77753e+06
9.79983e+06
9.82219e+06
9.84459e+06
9.86705e+06
9.88956e+06
9.91212e+06
9.93473e+06
9.95739e+06
9.9801e+06
1.00029e+07
1.00257e+07
1.00486e+07
1.00715e+07
1.00945e+07
1.01175e+07
1.01406e+07
1.01637e+07
1.01869e+07
1.02101e+07
1.02334e+07
1.02567e+07
1.02801e+07
1.03036e+07
1.03271e+07
1.03507e+07
1.03743e+07
1.03979e+07
1.04217e+07
1.04454e+07
1.04693e+07
1.04931e+07
1.05171e+07
1.05411e+07
1.05651e+07
1.05892e+07
1.06134e+07
1.06376e+07
1.06618e+07
1.06862e+07
1.07105e+07
1.0735e+07
1.07595e+07
1.0784e+07
1.08086e+07
1.08333e+07
1.0858e+07
1.08827e+07
1.09076e+07
1.09324e+07
1.09574e+07
1.09824e+07
1.10074e+07
1.10325e+07
1.10577e+07
1.10829e+07
1.11082e+07
1.11336e+07
1.1159e+07
1.11844e+07
1.12099e+07
1.12355e+07
1.12611e+07
1.12868e+07
1.13126e+07
1.13384e+07
1.13642e+07
1.13901e+07
1.14161e+07
1.14422e+07
1.14683e+07
1.14944e+07
1.15207e+07
1.15469e+07
1.15733e+07
1.15997e+07
1.16261e+07
1.16527e+07
1.16792e+07
1.17059e+07
1.17326e+07
1.17593e+07
1.17862e+07
1.18131e+07
1.184e+07
1.1867e+07
1.18941e+07
1.19212e+07
1.19484e+07
1.19757e+07
1.2003e+07
1.20304e+07
1.20578e+07
1.20853e+07
1.21129e+07
1.21405e+07
1.21682e+07
1.2196e+07
1.22238e+07
1.22517e+07
1.22796e+07
1.23076e+07
1.23357e+07
1.23638e+07
1.2392e+07
1.24203e+07
1.24486e+07
1.2477e+07
1.25055e+07
1.2534e+07
1.25626e+07
1.25913e+07
1.262e+07
1.26488e+07
1.26776e+07
1.27066e+07
1.27355e+07
1.27646e+07
1.27937e+07
1.28229e+07
1.28522e+07
1.28815e+07
1.29109e+07
1.29403e+07
1.29698e+07
1.29994e+07
1.30291e+07
1.30588e+07
1.30886e+07
1.31184e+07
1.31484e+07
1.31784e+07
1.32084e+07
1.32385e+07
1.32687e+07
1.3299e+07
1.33293e+07
1.33598e+07
1.33902e+07
1.34208e+07
1.34514e+07
1.34821e+07
1.35128e+07
1.35437e+07
1.35745e+07
1.36055e+07
1.36365e+07
1.36677e+07
1.36988e+07
1.37301e+07
1.37614e+07
1.37928e+07
1.38243e+07
1.38558e+07
1.38874e+07
1.39191e+07
1.39508e+07
1.39827e+07
1.40145e+07
1.40465e+07
1.40786e+07
1.41107e+07
1.41429e+07
1.41751e+07
1.42075e+07
1.42399e+07
1.42724e+07
1.43049e+07
1.43375e+07
1.43702e+07
1.4403e+07
1.44359e+07
1.44688e+07
1.45018e+07
1.45349e+07
1.45681e+07
1.46013e+07
1.46346e+07
1.4668e+07
1.47014e+07
1.4735e+07
1.47686e+07
1.48023e+07
1.4836e+07
1.48699e+07
1.49038e+07
1.49378e+07
1.49719e+07
1.5006e+07
1.50403e+07
1.50746e+07
1.5109e+07
1.51434e+07
1.5178e+07
1.52126e+07
1.52473e+07
1.52821e+07
1.53169e+07
1.53519e+07
1.53869e+07
1.5422e+07
1.54572e+07
1.54924e+07
1.55278e+07
1.55632e+07
1.55987e+07
1.56343e+07
1.56699e+07
1.57057e+07
1.57415e+07
1.57774e+07
1.58134e+07
1.58495e+07
1.58856e+07
1.59219e+07
1.59582e+07
1.59946e+07
1.60311e+07
1.60677e+07
1.61043e+07
1.6141e+07
1.61779e+07
1.62148e+07
